0.2 
0.104147061422 
0.61134268593 
0.862138808654 
0.0793244641516 
0.633444619719 
0.597689433143 
0.42953685608 
0.860723371365 
0.710994750326 
0.857065589208 
0.113590796567 
0.83738381094 
0.594276476599 
0.158924204792 
0.584198892798 
0.0984119176608 
0.447563592675 
0.682362881885 
0.346795835018 
0.0217879624207 
0.108656078352 
0.847807361895 
0.0827103013225 
0.185492831432 
0.511331423587 
0.788004840115 
0.630675488837 
0.126661621783 
0.277799488029 
0.603741916462 
0.504671447916 
0.301537652668 
0.514905311228 
0.557492447826 
0.131572003036 
0.717522323099 
0.753721633013 
0.278998231588 
0.847866321924 
0.238951628389 
