-9999999.900000000372529 
-9999999.900000000372529 
-9999999.900000000372529 
-9999999.900000000372529 
-171.523031633350314 
0.000000000726432 
-123.572044894165870 
-418.010362311503002 
-9999999.900000000372529 
-9999999.900000000372529 
-9999999.900000000372529 
-9999999.900000000372529 
-9999999.900000000372529 
-9999999.900000000372529 
-9999999.900000000372529 
-9999999.900000000372529 
-9999999.900000000372529 
-9999999.900000000372529 
-9999999.900000000372529 
-9999999.900000000372529 
-9999999.900000000372529 
-9999999.900000000372529 
-9999999.900000000372529 
-9999999.900000000372529 
-9999999.900000000372529 
-9999999.900000000372529 
-9999999.900000000372529 
-9999999.900000000372529 
-9999999.900000000372529 
-9999999.900000000372529 
-9999999.900000000372529 
-9999999.900000000372529 
-9999999.900000000372529 
