-9999999.900000000372529 
-9999999.900000000372529 
-9999999.900000000372529 
-9999999.900000000372529 
-9999999.900000000372529 
-9999999.900000000372529 
-9999999.900000000372529 
-9999999.900000000372529 
-671.617122204551379 
-581.552380580463478 
-490.463437353937820 
-395.487235094101550 
-307.881992123363773 
-229.156685042643090 
-180.693767713283052 
-118.438024396358344 
-86.477961707781546 
-51.219419543980536 
-19.900552572372547 
-3.959877806768614 
0.000000000726432 
-3.127814736699080 
-16.764777106398718 
-36.832425774529924 
-69.246326032795182 
-107.925100737333608 
-145.286896266755122 
-175.262333199859285 
-267.014779174048385 
-306.484644385562206 
-370.927087963919405 
-421.166395066706229 
-495.541764362168522 
