-9999999.900000000372529 
-9999999.900000000372529 
-9999999.900000000372529 
-483.669348915100102 
-212.348507428775775 
-63.471959357823195 
-15.421521020036206 
0.000000000726432 
-26.314475152169376 
-51.869690382281533 
-89.668855312202695 
-156.058446897860421 
-199.640315560115482 
-279.674972103654511 
-344.061902259707267 
-357.192264837041648 
-386.491876703725666 
-486.473173299287737 
-491.786452998071866 
-509.446126305999712 
-574.249100500577583 
-585.201144078081484 
-652.901092308282955 
-677.107536120676514 
-650.604236463205439 
-692.131424773255276 
-694.474771992589922 
-9999999.900000000372529 
-9999999.900000000372529 
-9999999.900000000372529 
-9999999.900000000372529 
-9999999.900000000372529 
-9999999.900000000372529 
-9999999.900000000372529 
-9999999.900000000372529 
