12 
13.0756060293 
7.36672899875 
2.77945328025 
8.3513532154 
13.7188044976 
21.4608088526 
5.93538495747 
56.2979316181 
19.133345463 
34.3286534776 
35.0305723002 
20.9628167877 
47.6167990164 
44.8131762838 
38.7410816928 
4.1694885168 
34.1328477562 
44.5241914297 
19.7662337504 
45.0186600134 
28.5380333643 
26.5454729864 
51.1449196752 
58.3260782039 
14.3669792694 
39.241852121 
29.7640786005 
3.31663678851 
59.3343632276 
1.70862474763 
54.7670922488 
15.6199304945 
53.5273450414 
45.7662867561 
39.5509558553 
30.1324690127 
57.9600947113 
32.3565720465 
21.5744081063 
40.1803785266 
4.21452999294 
36.7036973043 
23.6959204243 
59.9056188455 
24.1494819102 
17.1082305377 
5.74026877552 
55.8910881081 
48.3112608075 
56.5938709767 
