0.2 
0.335941268741 
0.234403278787 
0.218611600093 
0.366089267427 
0.367926834484 
0.185233259384 
0.491980462397 
0.140056177908 
0.243209801986 
0.294664410659 
0.196167700933 
0.0959588590479 
0.134553480376 
0.3405636405 
0.401368012556 
0.416487741604 
0.442749085897 
0.0973128417247 
0.20889723792 
0.419144739792 
0.282172671557 
0.228026108269 
0.140910597505 
0.174375017352 
0.150638308493 
0.35852249006 
0.371160434038 
0.369211778573 
0.480530840413 
0.200584627891 
0.443663635437 
0.226258748021 
0.123138517287 
0.0944268175093 
0.155620741209 
0.139965943332 
0.120074487835 
0.461000051041 
0.495259185349 
0.118789224724 
0.447733062677 
0.176911947096 
0.123611974708 
0.1617869018 
0.430488831421 
0.253668302562 
0.157814256235 
0.264746097495 
0.240594437572 
0.2523563913 
