0.2 
0.18138449039 
0.148863919526 
0.224845602255 
0.386008622174 
0.319221041137 
0.326609662811 
0.248798974872 
0.0648560378185 
0.317672330345 
0.253890395827 
0.141667252876 
0.444634759617 
0.192646510055 
0.366518756104 
0.358923090229 
0.33454311191 
0.39323231728 
0.114218751338 
0.479487224481 
0.0805852535709 
0.44076200372 
0.442911719816 
0.432147075207 
0.435025706821 
0.377328965636 
0.296567472534 
0.209901655883 
0.367365212824 
0.439067547503 
0.0619902386676 
0.107642882649 
0.434079301835 
0.0650465978201 
0.288854094908 
0.379152332535 
0.380714253616 
0.383604953462 
0.38042539366 
0.374360766259 
0.205135821898 
0.242856721147 
0.150358915968 
0.264008228625 
0.451231906585 
0.448587842298 
0.142910475049 
0.203861074814 
0.117851962002 
0.186273407212 
0.301037483777 
