0.150938585577000	-22.067390136701984
0.154183866868000	-18.295756291057515
0.160824181443000	-22.190939837224963
0.160922496432000	-21.440199901898776
0.163923872908000	-18.497254802454432
0.164258441847000	-19.980033599257627
0.165211564075000	-14.298879450003268
0.167946417575000	-15.585852312239446
0.168407153070000	-11.531586994023439
0.170589666968000	-14.889293504212059
0.174312664030000	-18.088079364550282
0.175723003542000	-15.023572837523496
0.180496032736000	-10.013337775419354
0.182582820858000	-12.209366677496375
0.182752525402000	-15.007102336747828
0.186252176510000	-2.586174779984726
0.190803498891000	-3.024290126466784
0.191108814688000	-4.483255684739980
0.191146360523000	-7.135328490695661
0.191679167894000	-2.619763129979292
0.192495609679000	-11.193033584019219
0.193250125034000	-5.776260932907568
0.197452545484000	-3.448572750920492
0.198988465583000	-4.015153013234175
0.200000000000000	-0.000000001000000
0.202422076685000	-3.432580717803445
0.204473768769000	-5.928914823935489
0.205919995944000	-11.710560938276418
0.206204954817000	-5.192783942660985
0.207080072160000	-3.150965380681701
0.207102532211000	-9.964208162540992
0.207199599419000	-7.862260560182153
0.211201620495000	-14.282931659769392
0.211710458910000	-12.298755538309099
0.214218573337000	-3.339028734203343
0.214935935579000	-16.834073959323760
0.215243456625000	-5.807703526835730
0.217535545715000	-14.186630508711394
0.224096538328000	-6.456818876103699
0.228143753458000	-13.307968174537706
0.232256177176000	-12.766589130608864
0.232613717254000	-11.093053611920292
0.235756578174000	-9.358179438205244
0.237272039815000	-12.533694044608465
0.238082649723000	-9.984746781010781
0.240082183179000	-21.121547093002043
0.240432227186000	-14.798001308227370
0.241063022448000	-8.344997094581240
0.241552181690000	-28.963612767607756
0.246066483761000	-23.277549741822465
0.249494607740000	-17.986129940327260
