-9999999.900000000372529 
-345.219748853273074 
-210.103488327415249 
-146.750624066669985 
-81.719747347475931 
-39.747259453763348 
-17.242751621548393 
-3.604228490886312 
-0.000000000017462 
-3.107206522213855 
-13.959801841734896 
-31.603636849608691 
-43.360585180465648 
-63.962306607552968 
-83.788744964836567 
-118.461889782332079 
-140.969247678398688 
-167.824031264531214 
-183.178844073299302 
-194.982516359541506 
-199.088104124898479 
-202.384072764538303 
-204.294890683578245 
-205.005152890954975 
-205.264165998209535 
