-22.307912504890410 
-17.466760890897323 
-12.872464904825099 
-9.909942905745593 
-7.159198039642006 
-5.009106505799497 
-2.080397968640514 
-0.677604653408759 
-0.492931569783551 
-0.185115547258979 
-0.000000000017462 
-0.129689169489128 
-0.451092302572051 
-0.913180198167369 
-1.260292874920014 
-2.349726952461458 
-3.388241156946745 
-3.606895682364356 
-3.973753678091570 
-4.722805406660389 
-6.454430769358048 
-6.838278201299963 
-6.317092747217245 
-5.417265473618111 
-5.131420426913054 
-5.209484743503759 
-4.865579987017008 
-5.632506104588929 
-5.772203901185424 
-4.409907880193622 
-4.147661140197068 
