-9999999.900000000372529 
-9999999.900000000372529 
-9999999.900000000372529 
-9999999.900000000372529 
-9999999.900000000372529 
-9999999.900000000372529 
-9999999.900000000372529 
-9999999.900000000372529 
-9999999.900000000372529 
-9999999.900000000372529 
-9999999.900000000372529 
-9999999.900000000372529 
-9999999.900000000372529 
-9999999.900000000372529 
-9999999.900000000372529 
-9999999.900000000372529 
-9999999.900000000372529 
-9999999.900000000372529 
-9999999.900000000372529 
-9999999.900000000372529 
-9999999.900000000372529 
-9999999.900000000372529 
-9999999.900000000372529 
-9999999.900000000372529 
-9999999.900000000372529 
-9999999.900000000372529 
-9999999.900000000372529 
-9999999.900000000372529 
-9999999.900000000372529 
-9999999.900000000372529 
-9999999.900000000372529 
-9999999.900000000372529 
-9999999.900000000372529 
-9999999.900000000372529 
-9999999.900000000372529 
-9999999.900000000372529 
-9999999.900000000372529 
-537.890164869182058 
-382.772085253936211 
-250.091880879122868 
-155.229638095422786 
-83.962209695491623 
-36.559809533126561 
-9.482617428255683 
-0.000000000017462 
-8.237432963718016 
-28.712735044740775 
-64.299278560547606 
-109.302497944737425 
-167.804073373179619 
-230.560239508039558 
-299.134843182196107 
-384.412180533543506 
-468.622113555887779 
-559.131863809376227 
-646.143512202767738 
-9999999.900000000372529 
-9999999.900000000372529 
-9999999.900000000372529 
-9999999.900000000372529 
-9999999.900000000372529 
-9999999.900000000372529 
-9999999.900000000372529 
-9999999.900000000372529 
-9999999.900000000372529 
-9999999.900000000372529 
-9999999.900000000372529 
-9999999.900000000372529 
-9999999.900000000372529 
-9999999.900000000372529 
-9999999.900000000372529 
-9999999.900000000372529 
-9999999.900000000372529 
-9999999.900000000372529 
-9999999.900000000372529 
-9999999.900000000372529 
