-0.633686478386295 
-0.609621898610225 
-0.557947350820678 
-0.423275976593895 
-0.514456895995366 
-0.514782084328087 
-0.371629819753556 
-0.298663981408684 
-0.480219310280817 
-0.529792125611863 
-0.432335536276324 
-0.388771920215487 
-0.381997434810372 
-0.317255829160716 
-0.333065880090895 
-0.188858340600178 
-0.206121272051247 
-0.168630483367570 
-0.216636210842618 
-0.343363937695451 
-0.299843575673626 
-0.186974424468150 
-0.141700386197407 
-0.122056579348139 
-0.082247012728610 
-0.033100389464790 
-0.018855755249008 
-0.023116016261780 
-0.018782540468618 
-0.021585707535463 
-0.000000000017462 
-0.013334341870920 
-0.019501788869070 
-0.018672073646268 
-0.010068183690447 
-0.021786102026987 
-0.011039133631521 
-0.025958024158121 
-0.031070689618621 
-0.073859724254409 
-0.049470553035456 
-0.048140955437635 
-0.053157078092865 
-0.125074755164858 
-0.156512959148178 
-0.147041301945962 
-0.091556320921733 
-0.286854733994222 
-0.147339512637918 
-0.229303018315748 
-0.224042598188132 
-0.089106372457332 
-0.196294489671606 
-0.201608691594146 
-0.152344846380922 
-0.293986898337413 
-0.251274064669912 
-0.351779151088764 
-0.494128941631931 
-0.371335073715081 
-0.607176611123635 
-0.383111688937329 
-0.506613435323731 
-0.475505398086848 
-0.585756010967233 
-0.613628207540460 
-0.647401156704912 
-0.751560260184924 
-0.967357346582954 
-0.893909138713745 
