-336.673406853837889 
-308.358569129991906 
-281.279654375849532 
-251.114583626589592 
-220.406865017664842 
-192.536915584282355 
-164.595000227608921 
-142.423388716536294 
-121.846623131375679 
-105.336240524821065 
-88.017633024849403 
-70.196711988193570 
-53.489749129906151 
-40.966642476028312 
-29.771146570449510 
-22.464447998394835 
-15.814823292988958 
-9.557905341748318 
-4.664577767957428 
-1.778322722274683 
-0.000000000020955 
-0.597529051259355 
-2.466490007509907 
-6.672692446750522 
-11.646331850983760 
-19.202627183205720 
-26.073863047107118 
-35.643228777540799 
-46.929919995091218 
-59.548483831958443 
-70.270762166585143 
-92.018302136483157 
-109.149322667275598 
