-0.341066734653881 
-0.139261545499534 
-0.322700245399672 
-0.101896191382434 
-0.279609025598362 
-0.011123463269767 
-0.014589679401095 
-0.000000000020955 
-0.030096633150861 
-0.078017294414536 
-0.017874072313536 
-0.009539454799518 
-0.036211614792203 
-0.061840271426696 
-0.144605410814822 
-1.831658819893133 
-0.976559032178726 
-1.755801671698417 
-1.881490966460219 
-1.140145623204282 
-1.677588290210728 
-2.275992119833442 
-1.675913204929759 
-2.096135097528378 
-2.761292937840114 
-2.559104057250780 
-2.759494279367062 
-2.184867646859242 
-1.718506409627452 
-2.228087472638306 
-1.877452710899748 
-2.273861248823916 
-1.751628624157090 
-1.631511303929197 
-1.407246231812994 
