-16.237717034723236 
-15.518646523126247 
-16.603161984358255 
-13.632307960335673 
-16.067751580525471 
-15.097241177035347 
-12.498078473156841 
-12.730962230396358 
-12.189103567799103 
-7.392686060889445 
-4.262142484997989 
-1.284490673443157 
-0.592978810052119 
-0.145188993974418 
-0.039479779577481 
-0.000000000017462 
-0.047102025281677 
-0.073624848504241 
-0.172442751778585 
-0.360899358980786 
-0.568214745497137 
-0.962629563490512 
-1.463628582530958 
-1.198741199435266 
-1.673121351329642 
