3.95 
4.81984829753 
3.14419984611 
3.09811237073 
4.61504037347 
4.49410064657 
3.07163199155 
3.82398723564 
4.30440893805 
3.52357826881 
4.20710128944 
4.77464959045 
3.96177191466 
3.79290179452 
3.2641084608 
3.06920415078 
3.12806311004 
4.4448494153 
3.46473066663 
4.03730890303 
3.9004378751 
4.67990106878 
3.9775893607 
3.93328618749 
3.20424821465 
3.46631616575 
3.14928532801 
3.24887525397 
3.28828657813 
4.15033229473 
3.19651219018 
4.93270660689 
4.9311664434 
3.33846464881 
4.62033332817 
3.93068755964 
4.95820842509 
3.91210497758 
4.47626944745 
3.59902076907 
4.14572916381 
3.03264099835 
4.26619946066 
4.40907574985 
4.48189040033 
3.09047180895 
4.22102586197 
3.06845318976 
4.18762726861 
4.80390564134 
4.28276367947 
