0.2 
0.727287795397 
0.405691580804 
0.341840958925 
0.898173664642 
0.546497548143 
0.234216137939 
0.42629826645 
0.633546186798 
0.189275928111 
0.917518931366 
0.746467725478 
0.807183094777 
0.111823494993 
0.801438700699 
0.883546767777 
0.334765644798 
0.648834053202 
0.650599660881 
0.635985762643 
0.405009774123 
0.544714960932 
0.189680255279 
0.678161796974 
0.409141104425 
0.337807139913 
0.280237385065 
0.850234000181 
0.848165120189 
0.251247719185 
0.621547622056 
0.138666137117 
0.52179826801 
0.289610680323 
0.552031854328 
0.899363656028 
0.760592964831 
0.699008254875 
0.253984383843 
0.874877165879 
0.655150330721 
0.835092153727 
0.57280716203 
0.44882952534 
0.395719774084 
0.387822729752 
0.802357985968 
0.647900220607 
0.504828033889 
0.782279451663 
0.434586289215 
