3.95 
4.88106862007 
4.53212400047 
2.91509022597 
3.01018276138 
4.42427472816 
4.34610050115 
5.64412273494 
2.30876093404 
3.34120613702 
2.59612226324 
5.36207566708 
2.09393182266 
5.84199201694 
3.97835722687 
5.07768848485 
5.35435862447 
4.88409372751 
2.89986757883 
4.16448289287 
3.82913777891 
4.19500896715 
3.02216601577 
3.4887394022 
3.71304887133 
3.09922392843 
5.32292612294 
5.93666590178 
3.5286000128 
4.87016412781 
2.50324008595 
2.86952098636 
4.16220505249 
3.95963025616 
5.51407326828 
4.33329333232 
4.99613025961 
3.48972063087 
2.88992256368 
2.41788278343 
2.57801433888 
3.61245889177 
5.18747027831 
2.82898463362 
3.12183453614 
2.86099556286 
3.57852519243 
5.4557545669 
3.8532822111 
4.75484296801 
4.59659777025 
3.95 
5.63969659506 
2.28839969223 
2.19622474146 
5.23008074695 
4.98820129314 
2.14326398309 
3.64797447128 
4.6088178761 
3.04715653763 
4.41420257889 
5.5492991809 
3.92354382932 
3.58580358903 
2.52821692161 
2.13840830156 
2.25612622009 
4.8896988306 
2.92946133326 
4.07461780605 
3.80087575021 
5.35980213757 
3.9551787214 
3.86657237498 
2.4084964293 
2.93263233151 
2.29857065601 
2.49775050793 
2.57657315626 
4.30066458947 
2.39302438035 
5.86541321379 
5.86233288679 
2.67692929763 
5.24066665633 
3.86137511929 
5.91641685017 
3.82420995516 
4.95253889491 
3.19804153815 
4.29145832763 
2.0652819967 
4.53239892132 
4.8181514997 
4.96378080066 
2.18094361791 
4.44205172394 
2.13690637951 
4.37525453722 
5.60781128268 
4.56552735894 
4.89728719516 
5.1881702327 
3.40790157776 
5.34704296186 
3.56032153807 
2.49601096197 
5.63170617762 
5.60445383728 
3.68561334106 
2.64849694583 
4.02044458703 
3.36696636115 
4.93650231765 
5.406093459 
5.37493427796 
2.95398388203 
2.5114823485 
2.45983097671 
3.98882243084 
4.57832380646 
2.8486737118 
4.82814719419 
3.23826849839 
4.4093946767 
5.50970145047 
3.89167014416 
2.8331697294 
4.38833785434 
2.18669069461 
4.63014116073 
3.94785410172 
3.13019655458 
3.98823175397 
4.65377243057 
4.92912784938 
3.48837030394 
2.80679097923 
3.80800696009 
2.1273006034 
2.3001353737 
3.43864340386 
5.69850853965 
3.63510915387 
2.99693236639 
2.7090067533 
5.21462523144 
2.30101489332 
3.82129873591 
2.54762956335 
2.29246355319 
