0.2 
0.104147061422 
0.61134268593 
0.862138808654 
0.0793244641516 
0.633444619719 
0.597689433143 
0.42953685608 
0.860723371365 
0.710994750326 
0.857065589208 
0.113590796567 
0.83738381094 
0.594276476599 
0.158924204792 
0.584198892798 
0.0984119176608 
0.447563592675 
0.682362881885 
0.346795835018 
0.0217879624207 
0.108656078352 
0.847807361895 
0.0827103013225 
0.185492831432 
0.511331423587 
0.788004840115 
0.630675488837 
0.126661621783 
0.277799488029 
0.603741916462 
0.504671447916 
0.301537652668 
0.514905311228 
0.557492447826 
0.131572003036 
0.717522323099 
0.753721633013 
0.278998231588 
0.847866321924 
0.238951628389 
0.53118308096 
0.756951020444 
0.252914102721 
0.586803681963 
0.054242588171 
0.0769280504219 
0.173862715629 
0.713610735823 
0.16599887872 
0.158691097452 
0.2 
0.503241506205 
0.282736882182 
0.59465931823 
0.720372889287 
0.649256861692 
0.765272802293 
0.73107742008 
0.860084351387 
0.0872050651505 
0.382627402688 
0.938213979633 
0.453681519141 
0.418197613951 
0.810020922575 
0.620423872761 
0.941339952599 
0.504830450494 
0.0831189319663 
0.309851772636 
0.942365314579 
0.339438527535 
0.928788558267 
0.627853319787 
0.100060394387 
0.336074725267 
0.944122950387 
0.721635082754 
0.920753092251 
0.653799610013 
0.563983263806 
0.795579512926 
0.34697026037 
0.466753815804 
0.230557706491 
0.213960524799 
0.678214027716 
0.806113692353 
0.767216416722 
0.178590929504 
0.644367413169 
0.137389275849 
0.0531257179452 
0.567073019682 
0.595879555231 
0.688907713715 
0.220809227092 
0.588846306538 
0.42098007136 
0.0366156038384 
0.879851419915 
0.162065441342 
0.205780450908 
0.434574387542 
0.692467711311 
0.409346968391 
0.382504871825 
0.935251014832 
0.637362304227 
0.637664557522 
0.894311256904 
0.542307735546 
0.926565886797 
0.245755319364 
0.390115180054 
0.848537458538 
0.724894182463 
0.454354167735 
0.426192532833 
0.17404746473 
0.638112948878 
0.494375628155 
0.80602549662 
0.546443678866 
0.784655460038 
0.285255147002 
0.31288884465 
0.587300555969 
0.0875198838714 
0.786191557103 
0.681945356212 
0.295064926843 
0.506144184887 
0.317970704665 
0.620394394374 
0.0254910743142 
0.515239570938 
0.930505222183 
0.407479349819 
0.920119172834 
0.930903147004 
0.427015841764 
0.846506741438 
0.889358452354 
0.919301643525 
0.626634588862 
0.101369459445 
0.699598337527 
0.560575241705 
0.501455530783 
0.900632420735 
