0.2 
0.18138449039 
0.148863919526 
0.224845602255 
0.386008622174 
0.319221041137 
0.326609662811 
0.248798974872 
0.0648560378185 
0.317672330345 
0.253890395827 
0.141667252876 
0.444634759617 
0.192646510055 
0.366518756104 
0.358923090229 
0.33454311191 
0.39323231728 
0.114218751338 
0.479487224481 
0.0805852535709 
0.44076200372 
0.442911719816 
0.432147075207 
0.435025706821 
0.377328965636 
0.296567472534 
0.209901655883 
0.367365212824 
0.439067547503 
0.0619902386676 
0.107642882649 
0.434079301835 
0.0650465978201 
0.288854094908 
0.379152332535 
0.380714253616 
0.383604953462 
0.38042539366 
0.374360766259 
0.205135821898 
0.242856721147 
0.150358915968 
0.264008228625 
0.451231906585 
0.448587842298 
0.142910475049 
0.203861074814 
0.117851962002 
0.186273407212 
0.301037483777 
0.2 
0.233746694128 
0.424247978397 
0.100454698369 
0.213124077065 
0.46174503959 
0.107189372472 
0.360516552925 
0.386122945691 
0.143347731178 
0.0730655233909 
0.0859267049228 
0.49040865206 
0.293898312307 
0.175863639207 
0.112281215515 
0.498696677302 
0.0887315016909 
0.377241233547 
0.323929876952 
0.284644207328 
0.171764700497 
0.262809482261 
0.153469956955 
0.460605233742 
0.199942990512 
0.184845162015 
0.172068182769 
0.406492735692 
0.311225529618 
0.433610307945 
0.0696074200262 
0.173946828301 
0.435643346817 
0.0851682480141 
0.278473569961 
0.285369856405 
0.133663448524 
0.106271056117 
0.465907841409 
0.439284741536 
0.412876261171 
0.306144266298 
0.395730602081 
0.460893798699 
0.425242072338 
0.423362070058 
0.170478884858 
0.0635714828934 
0.412070269309 
0.343409013387 
0.473608589889 
0.327567425126 
0.249434268503 
0.400814322261 
0.137421007402 
0.262309776721 
0.128639410293 
0.483303189489 
0.163786512529 
0.126523846543 
0.0523918250734 
0.25484753808 
0.423547297989 
0.490461715206 
0.417568240527 
0.27548210083 
0.434442647139 
0.225388594002 
0.169479273409 
0.0822062709039 
0.356704578928 
0.359092922664 
0.24805461236 
0.439506848284 
0.428071599237 
0.14004982093 
0.492797607139 
0.347988850043 
0.291186917557 
0.0773359584204 
0.497881988674 
0.377345685028 
0.150763803337 
0.132138214063 
0.362582488253 
0.41833991585 
0.328604303262 
0.10605299819 
0.123186899404 
0.201540845745 
0.0957051985908 
0.126542068359 
0.450328753131 
0.0661041084839 
0.490436701322 
0.216788404879 
0.26378242656 
0.481199957861 
0.374394059754 
0.328685631744 
