-418.505780602613640 
-418.496682826596498 
-418.488924806307125 
-417.862506481861999 
-417.854163668123647 
-417.227905391929767 
-415.982700397631959 
-414.741572412711946 
-413.501468207571577 
-414.108095189951086 
-413.483710979247917 
-412.245411705532206 
-411.009503199439166 
-409.775307981356207 
-407.933757359378887 
-407.312915521064099 
-407.916005604883765 
-406.689861913425773 
-418.505550918472125 
-418.495074505714570 
-418.486797374926027 
-418.479562808432490 
-417.851862880837757 
-417.844708839327211 
-416.599693039340309 
-415.973290659479630 
-415.348219218274778 
-414.725329556280997 
-412.870676015912409 
-412.861358316981182 
-410.397077364756910 
-410.392206070032387 
-407.323765767598843 
-407.316528971014748 
-406.696114079850247 
-405.469173134943105 
-418.505157229903148 
-418.493938829160641 
-418.485462042154552 
-418.478268987125716 
-417.850421573382164 
-417.843026470558755 
-416.597587528572205 
-416.589781368469005 
-415.966271740084608 
-415.341848713337299 
-414.716480679677659 
-412.864263664237512 
-412.240004428137240 
-411.620798512301974 
-409.157909923580974 
-406.707502984023790 
-405.477822886991476 
-404.252275009287644 
-418.504960521900045 
-418.493841490220859 
-418.484417558884331 
-418.476211934675632 
-418.468152058727242 
-417.841801896144375 
-417.833286962574732 
-416.590709279045711 
-416.581974251517806 
-416.576833740311884 
-415.332867517697366 
-414.709646967119397 
-414.705536136066598 
-411.618793138566048 
-411.001067925209099 
-407.320243744497645 
-406.092429821960764 
-404.863494327359376 
-418.504927688879434 
-418.493971071390888 
-418.483614804826914 
-418.475320109658412 
-418.466652062587116 
-418.459498519589602 
-417.833302465519751 
-416.588144033547223 
-415.963232699269895 
-415.958355778309340 
-415.952137515548088 
-415.945822136714696 
-414.702560951424744 
-412.852230872937071 
-410.999708313922895 
-409.769328946516339 
-407.314976651048141 
-405.474365664038714 
-418.505272020176449 
-418.494182024628060 
-418.483085321583985 
-418.474206711014403 
-418.465453578357995 
-418.457448369729548 
-417.830940409422567 
-417.206657197469838 
-415.961976837782970 
-415.955264568463917 
-415.950728915855905 
-415.942259072683271 
-414.702292437886001 
-413.466650395673810 
-411.616199433570898 
-410.379550621888370 
-410.373567176658014 
-406.694938886254874 
-418.505370478190287 
-418.493581991790336 
-418.482812694666734 
-418.473300993639441 
-418.464697435677067 
-418.456932632465396 
-418.448359713058437 
-417.204760358585020 
-417.198080735506380 
-415.953517718047920 
-415.947434922903938 
-415.326398387330869 
-414.701427212418650 
-414.081204678244148 
-414.072448709108983 
-411.605920606671475 
-410.988824476043760 
-409.142885987550642 
-418.504944183428847 
-418.492674856369206 
-418.482443982732775 
-418.471602930490235 
-418.463139629175146 
-418.454233008141273 
-418.446703369616557 
-417.820226597061605 
-417.196352805948436 
-416.569899274637066 
-415.328188690255047 
-414.707619468665428 
-414.083539776653140 
-414.077172203778275 
-413.458250097327323 
-413.449641883058121 
-412.827544302433182 
-410.981126212566323 
-418.504075580093172 
-418.492399602872695 
-418.481690927152897 
-418.470176801184039 
-418.461160496893342 
-418.452271407772173 
-418.445018914975662 
-417.818952830889941 
-417.811177157951192 
-416.570202225980097 
-415.943445279032744 
-414.089468758670080 
-414.083599378859560 
-413.462330326631161 
-413.456849512131669 
-413.450593049235636 
-413.441063607383455 
-413.434746283715242 
-418.503649836865350 
-418.492561502976514 
-418.480458274365276 
-418.469369550556735 
-418.459749246632100 
-418.451027951976357 
-418.443383527512196 
-418.437236215768564 
-417.191369405603325 
-417.185654436793016 
-415.944347273358176 
-414.704039956605641 
-413.463812760300016 
-413.459756057189509 
-413.453877972529824 
-413.448136453639790 
-413.441281141956097 
-412.817222025424826 
-418.503535232641298 
-418.491930186729917 
-418.479882503869305 
-418.468768611344899 
-418.458496388839478 
-418.447786694646709 
-418.441319976601221 
-418.434421239494782 
-417.807152706070951 
-416.565529169859872 
-415.941164156740285 
-415.316348471985975 
-414.076935484300293 
-414.072875856755331 
-413.451222800234746 
-413.442398652617669 
-412.821286090906710 
-412.199846222398037 
-418.503600730313735 
-418.492221519872032 
-418.479450931550616 
-418.467488596510407 
-418.457073241382716 
-418.446347731785409 
-418.438907673946744 
-417.812760963101027 
-417.187712386057910 
-417.179356205095019 
-415.319448314923079 
-415.315039851710878 
-415.306722593450445 
-415.302545729124063 
-414.063126456500470 
-413.439295925274280 
-412.202979485766832 
-412.196451018985442 
-418.503535232641298 
-418.492092010846932 
-418.478061516082050 
-418.466162991164708 
-418.455745733517517 
-418.445791264575632 
-418.435139587007257 
-417.190442528191056 
-417.182741575045441 
-416.558133061329158 
-415.933815607352983 
-415.311657248289976 
-415.304778944329996 
-415.298269219818224 
-414.675914714606108 
-414.051536966233812 
-412.813733134127062 
-412.806848618597883 
-418.503404250164806 
-418.491525702402782 
-418.477518915701353 
-418.464996564252374 
-418.453563045019166 
-418.443275625695946 
-417.814515281504214 
-417.188454832094067 
-417.180799302645880 
-415.938663754457821 
-415.930072582914647 
-415.923423184861690 
-415.918179310638322 
-414.675522386027069 
-414.055279065533512 
-414.049131496663904 
-414.041849565177529 
-413.420381743262283 
-418.503436877091360 
-418.490927260854335 
-418.477311676244653 
-418.463438292059209 
-418.452100180539333 
-418.442151067657278 
-417.195055050960718 
-417.185201274722715 
-416.557653825253965 
-415.933235278443931 
-415.925929985937273 
-415.301973365555000 
-415.296984030774809 
-414.671013743402227 
-414.664051864647831 
-414.043135895595128 
-413.420808018950538 
-412.796694483322938 
-418.503551548108419 
-418.490426328956403 
-418.476434977270799 
-418.462353694067360 
-418.450826055810694 
-417.821056159714487 
-417.192008107029778 
-417.183917902066241 
-416.554649455674053 
-415.931378065944102 
-415.923143417029223 
-415.297582707775007 
-414.673026379546286 
-414.667807863821224 
-414.660853793870956 
-414.035939822104069 
-412.182984184067209 
-410.947500885467491 
-418.503355155671386 
-418.489796358817784 
-418.475654393903483 
-418.461176060608864 
-418.448080880382406 
-417.199229236285191 
-417.189304069030186 
-416.562726630292048 
-416.551594289175569 
-415.926845754873113 
-415.299980517983215 
-414.675420675817236 
-414.667764578004494 
-414.659394400555527 
-414.654474002601944 
-411.571475856983909 
-410.950631613690291 
-409.102533566792715 
-418.503338765359672 
-418.488940885129352 
-418.474699733228533 
-418.460501655613314 
-418.445945791365318 
-417.196352878784694 
-417.186909953729071 
-416.559781947847114 
-416.549216551749282 
-415.303103583041775 
-415.294797218145902 
-414.669655027372187 
-414.663477447386015 
-414.655043202038314 
-412.185626351611063 
-410.336990809477982 
-409.104641567701321 
-407.871495545025653 
-418.502798815789674 
-418.487973385041755 
-418.473809255211336 
-418.458809418838769 
-417.207274887426991 
-417.195070326852033 
-417.183510538738403 
-416.554604633786653 
-415.926904854186205 
-415.298313030547945 
-414.673098835163557 
-414.665863226126874 
-413.423255323162721 
-410.958891355498622 
-410.336765823197140 
-409.101293177402397 
-408.484086016207925 
-406.641230605614112 
-418.501899417320203 
-418.487409249927282 
-418.472999219572898 
-418.457792392116630 
-417.204667961241114 
-417.190427322829635 
-416.562245259969984 
-415.934798268227269 
-415.922466430489919 
-414.676787253724115 
-414.667043972686827 
-413.426780256146174 
-410.958565203899866 
-410.338369956065264 
-409.713888754075469 
-408.483185496819885 
-405.419256476761177 
-404.195486696447631 
-418.502275452268407 
-418.487296491806660 
-418.471840602287784 
-417.837511901671689 
-417.202113891089880 
-417.186652765988640 
-416.558282860788779 
-415.929538986818670 
-415.916437445527777 
-414.672345387580606 
-412.813575485579406 
-411.575446871711506 
-410.338144659316299 
-409.714292642284192 
-408.482354886229871 
-406.637677571979623 
-403.582859000723261 
-401.752316172216752 
-418.502062862899891 
-418.487006743321786 
-418.471190560675268 
-417.216679077929712 
-417.199750336508146 
-416.566042275836367 
-415.936065222288391 
-415.923482152444592 
-414.063038866154614 
-412.820723062954244 
-411.577167997464414 
-410.953504168009772 
-409.716440298359146 
-407.868466662219021 
-405.417460199930645 
-402.365434204218502 
-401.749646363678778 
-399.924788869557631 
-418.501686985788808 
-418.485799734513591 
-417.851197432913068 
-417.214296385625062 
-417.197315800474314 
-416.561253205175660 
-415.930235692789893 
-414.068348445250535 
-413.441063607383455 
-411.581705265400842 
-410.955226031954510 
-409.106012039613972 
-406.647088459206714 
-405.418213953597785 
-403.579667816612982 
-401.142515363544646 
-399.316139575842499 
-397.493701311622317 
-418.501588967671410 
-418.485092352260210 
-417.849915302068553 
-417.212353929697429 
-417.194688935848149 
-415.938394654468084 
-414.690365007469154 
-413.445889840389782 
-412.203396977074021 
-410.347749993616503 
-408.494732065090545 
-406.650911090857733 
-405.415612553447318 
-403.579478228140601 
-399.926182322884870 
-398.103426823505174 
-393.873906006011282 
-391.466196660145670 
-418.501294737284127 
-418.485269170080244 
-417.847829478028245 
-417.209145594725044 
-415.955097397415386 
-414.700771274720694 
-413.453584214206273 
-412.822427631715470 
-410.965520088900007 
-407.889595538798631 
-406.650924827829954 
-404.809276175281298 
-402.363290653150216 
-398.109672646514809 
-394.481385493631535 
-392.070648916434607 
-390.260494663112354 
-388.456766802900006 
-418.500951928260633 
-417.865040700097722 
-417.226912574558980 
-417.206333156711139 
-415.333427472909818 
-414.078726864399812 
-412.214285712889307 
-409.746238919934626 
-408.504162513893561 
-406.656225973659218 
-403.593703086417349 
-399.937617279385620 
-396.901637085388302 
-394.477288134799664 
-392.063202549375148 
-389.060525024160654 
-384.879696682919700 
-380.721494732584745 
-418.500935421568727 
-417.864061551205509 
-417.224803987748658 
-415.967671602951896 
-414.094890716022348 
-412.225662519850118 
-410.364954620684955 
-408.509266402336380 
-407.268878571923892 
-402.380899802271131 
-398.728512600227816 
-396.295383528656714 
-392.671344345354157 
-388.468230602044684 
-383.695705148431614 
-381.312499663130666 
-375.410004282434670 
-373.055547545649290 
-418.499956330389182 
-417.861961919640464 
-417.220694136402301 
-413.496918841672823 
-412.855797124150740 
-409.762054989625256 
-407.903327952471443 
-404.833534043546194 
-401.169864353509070 
-398.125133536568569 
-395.089096694812497 
-389.075941213231715 
-384.298201854071692 
-380.726096645815971 
-374.826460704101237 
-369.556870997222120 
-363.743802977800158 
-357.407958419609997 
-418.498815099276669 
-417.240823403487809 
-414.748222099251109 
-412.260590559985474 
-410.390661660317733 
-407.303063351369246 
-403.013964988611690 
-400.564444777988513 
-398.123245523929029 
-390.886837521719599 
-384.902586138221011 
-380.146311322019187 
-376.003896882033985 
-367.811393152949108 
-360.285748023341512 
-352.839644130083229 
-346.032685141220270 
-339.850461052667356 
-417.878866562611336 
-417.237633992742076 
-412.280784314878701 
-410.408717958153488 
-405.486988455394112 
-400.595557181979871 
-400.568149190302790 
-395.108400777373333 
-387.896993686135772 
-380.160960348127333 
-374.255502232212450 
-366.078522890840304 
-353.992989592583228 
-347.171513939824763 
-339.856180454764512 
-332.622735036233564 
-324.920116087218958 
-316.768484547846128 
-417.877288394984078 
-413.531999927345737 
-410.430775690573398 
-404.286753696953213 
-399.395726779505821 
-395.138977041952558 
-390.906926206816593 
-377.232178111251130 
-369.599853924249203 
-361.466557134310449 
-352.857516845636894 
-340.990363087283527 
-329.325326757574146 
-321.111312950793319 
-307.671341911157015 
-297.123126175217408 
-283.180136175653217 
-276.577296621759331 
-417.255724564558250 
-410.453647053258578 
-404.916139137281618 
-394.587698144179058 
-387.361912600062226 
-380.205627848787344 
-367.295247164976956 
-358.608202145750283 
-339.906504313789128 
-330.997645225796362 
-318.417201142251315 
-299.759369971492731 
-284.213624319925941 
-268.089144814080100 
-255.329014037948525 
-238.654046498381888 
-223.442687508867579 
-211.808158811140146 
-412.934723544680253 
-405.550588450736029 
-392.200478945469968 
-381.430535071119607 
-368.484360989289712 
-353.484498216422253 
-333.801405457441660 
-317.373258853220079 
-300.304304301336401 
-275.607409465329852 
-255.830731022114918 
-232.619087159607091 
-214.036721071659088 
-192.427413717772538 
-167.621963922623621 
-148.184008877345349 
-132.724014361853392 
-116.466707933974234 
-406.797563781962651 
-392.822552057950872 
-372.033133309420123 
-346.159204433198170 
-321.761118850656715 
-296.685375164714856 
-266.660321318686726 
-235.433718752681216 
-206.149817261317367 
-182.063588670367665 
-154.533941111474263 
-124.135117796347458 
-94.080428008861489 
-72.758170311200701 
-57.098389299140614 
-41.747704147891270 
-30.432951336920166 
-21.043067819066412 
-388.069761390844747 
-355.872409985420973 
-314.242746056630097 
-265.743001132336531 
-221.296852567061535 
-179.676041462998882 
-138.060726181865334 
-96.468885637266041 
-68.669132577973187 
-40.775652805507967 
-20.637931203396352 
-9.760171225692417 
-3.165600330414679 
-0.011296236454029 
-2.192228384046734 
-9.557739366589423 
-22.448285181372697 
-39.061492861629198 
-347.958063490202562 
-273.782430174454419 
-201.533974504832315 
-146.456762994110221 
-96.787662635380812 
-51.511344105339923 
-20.362704991197283 
-5.640702420171227 
0.000000000079162 
-5.531476775061135 
-23.318568190517748 
-45.266528761088509 
-81.367271810756279 
-127.841973951489763 
-174.558958428544400 
-238.365320331241975 
-300.868416987567400 
-365.495263334156164 
-289.598301314770936 
-219.573230087673892 
-157.296196932290059 
-109.714383371490854 
-71.167006266858579 
-41.121529976529487 
-14.161610869202391 
-1.798934975226110 
-1.357691018080749 
-13.289681454480778 
-35.110537520004080 
-72.130478280629376 
-111.824087018503405 
-168.403734787251182 
-231.126809515621545 
-286.256056472417356 
-366.688257059506498 
-430.740930882466046 
-268.322031731263792 
-221.765369796028040 
-178.419754025403165 
-146.283818870751958 
-120.685021201899701 
-94.592687126918193 
-73.215789752262708 
-51.024986682084965 
-31.096116481109572 
-16.187127621132895 
-4.820956166495113 
-0.535993110784714 
-1.104384594083552 
-6.785897046423497 
-19.916461306357544 
-40.043987132794676 
-63.480598669914158 
-93.883322919652542 
-224.630768579363917 
-217.701643980636732 
-208.278546843479944 
-191.047339579861756 
-188.111967659478609 
-180.708906033313724 
-166.337288504836692 
-143.335427073725782 
-123.379096046346319 
-100.909103654470300 
-83.714001856858800 
-62.953111650535021 
-44.523104824536361 
-29.267668155426691 
-17.701996794257187 
-11.774766480460228 
-4.192395789100453 
-0.426960397363108 
-194.827511882883613 
-204.060618834363538 
-229.329005317733163 
-244.136316331653518 
-258.063456697774370 
-261.978878094197626 
-248.432673358616910 
-237.105159785619719 
-219.708749095257900 
-201.677297219422684 
-185.237907509957097 
-163.624254015843462 
-142.984601480969900 
-123.728993509320091 
-108.055656379713255 
-91.973069975241117 
-76.386222911841855 
-59.161180109948020 
-186.882913175548566 
-190.028930294405285 
-249.466755815463586 
-279.921002762483852 
-296.907758606207551 
-308.509667961990317 
-303.746829319042831 
-294.324948342233711 
-283.515442367519654 
-270.410705179622767 
-259.073855261001029 
-239.463724566267018 
-218.827694661733858 
-203.416435955344241 
-188.564915626448339 
-169.504379626504971 
-149.595223981372413 
-131.272558130409351 
-186.063103967026564 
-170.109558334310719 
-259.118263880654240 
-297.422083303245415 
-331.265048915191187 
-340.151951829667269 
-336.816409505661397 
-332.391618530062431 
-319.817870945970583 
-308.547179026631056 
-301.144207878541806 
-288.146688876790336 
-275.934990936401505 
-260.065994210749750 
-240.418938934614346 
-223.800331022664210 
-208.212456056790046 
-188.579534326808442 
-180.727379798610087 
-155.806652197700629 
-272.944099479753788 
-313.840815564092054 
-350.849885956257253 
-358.846457906380351 
-360.578573810996886 
-356.573853560141686 
-350.318185532878715 
-342.992298926857359 
-330.214838911418667 
-320.924308654646893 
-306.442740455499859 
-296.447490249166947 
-280.499091485560768 
-267.460093619089832 
-253.764552975804719 
-233.434755043650398 
-171.482830280855524 
-147.600524558928811 
-265.974087153374342 
-329.049695983377433 
-365.757835578397305 
-370.421463586472669 
-371.597028701957584 
-371.608429281691713 
-365.803295455468856 
-360.041052436174141 
-349.209023315571983 
-339.097428452804081 
-328.583221260899847 
-318.773976414653305 
-308.579608923904516 
-294.378270107648859 
-278.990536536029140 
-265.986905835851815 
-184.811409948362098 
-139.971393238057061 
-262.522711181045793 
-340.691439298360081 
-372.742665560697048 
-378.631869376562463 
-379.232511904206717 
-378.655316372451921 
-375.725767670382083 
-371.051696577597227 
-362.358181617156674 
-350.355720021257980 
-341.344698795510965 
-333.554875982144438 
-323.670306892242252 
-312.325551972564654 
-301.708958794405874 
-287.669000913822174 
-192.299824161055398 
-141.405191698811507 
-239.494012348016298 
-352.537218199301265 
-378.028182643130833 
-389.319151581519122 
-386.948002919518558 
-385.767613614617289 
-380.443718943532701 
-375.155045552042907 
-370.483941511065609 
-361.793888172956429 
-349.800005323893686 
-340.794630824400599 
-333.011825337250855 
-324.769614683565749 
-311.264971875398601 
-303.297675486615788 
-195.674448032300290 
-141.045044879994975 
-227.459621938994047 
-341.807865289357323 
-380.981361440355897 
-394.116578385781793 
-392.335040856937951 
-391.146580563645443 
-383.410097561176599 
-378.690451359121141 
-373.996882932259894 
-366.424900352179691 
-356.065699593946817 
-348.110033266676851 
-340.243387893887075 
-332.464530792545474 
-321.509355603770871 
-312.340882313975328 
-188.127986603728743 
-149.435891312750186 
-222.901912834349730 
-352.536206417273434 
-386.325146937137617 
-398.943854192337255 
-396.548388951122206 
-391.752227695948420 
-387.577189858568204 
-382.831771913981868 
-375.761753666543655 
-369.916925515190826 
-360.658995472127856 
-353.789624582874353 
-345.295983507244102 
-337.460417405950182 
-326.970736489207752 
-318.803455284044617 
-178.284507166048428 
-155.044901933692927 
-226.538264204584721 
-362.850411178646368 
-395.307249853160499 
-401.978264862509036 
-399.570188390356691 
-392.356120050375068 
-388.775990051685085 
-385.804829977671318 
-380.477339467584841 
-369.922463516505957 
-364.122398017145997 
-356.648585696030182 
-348.120756875274481 
-341.371174688947633 
-331.371277165426079 
-324.785712381035864 
-168.318339882341576 
-156.933565967519115 
-216.178457755772428 
-357.682422388431348 
-398.321859504804081 
-403.805273904733610 
-399.567693263198919 
-394.761293365056076 
-390.570261954611965 
-387.593836977359047 
-379.888855341503302 
-371.675615251560600 
-366.442120058381136 
-358.370289621577740 
-349.255532980192470 
-340.815978757822734 
-331.927873990348758 
-327.524391589872153 
-171.479058905062942 
-145.371567614659000 
-214.402369024495044 
-343.507140934775009 
-395.906336801562759 
-402.588233259469689 
-400.780533420426366 
-395.964218726878073 
-391.171375926492090 
-388.191293083908761 
-380.480793517643860 
-374.016253039197522 
-368.185237358148981 
-359.521544997962224 
-352.662329280144775 
-340.818694791025962 
-335.803313800349599 
-327.527569722837143 
-181.531582947320089 
-154.652203938213916 
-217.070672254656444 
-341.842350779250069 
-394.702875320813291 
-400.762955208442293 
-401.387958049017016 
-397.168787764830711 
-391.172398457347128 
-387.595833987013236 
-381.073352245082788 
-374.603434480612236 
-367.024707338632311 
-358.374028348473303 
-348.129714219585594 
-340.819435916579835 
-332.482929505561401 
-325.339726077245757 
-183.576047654929425 
-156.932076530672134 
-227.911298363149143 
-344.101974254659922 
-398.928419457094890 
-401.366154745111544 
-401.391133255152909 
-397.167765427433153 
-391.770801151041951 
-388.192021128830675 
-381.663276893304158 
-374.603103375767546 
-365.286174069819651 
-357.229352705169163 
-345.872536968810948 
-339.703229652448215 
-331.930451382536717 
-325.885406098948863 
-191.861931844597336 
-160.360961580690145 
-241.364746711932042 
-342.420004321673446 
-401.357131689143102 
-402.579918664518686 
-401.997853589706892 
-396.565673956671958 
-392.369771949621793 
-385.807072919646203 
-382.845545218692848 
-372.260405825624105 
-365.284117040083402 
-352.095491113523622 
-345.309568665744393 
-335.807093793845013 
-331.377667525494871 
-323.701834568059724 
-173.855931583990980 
-161.124638013142231 
-258.116881507818505 
-350.886461730666156 
-404.407199608709675 
-404.406669352757319 
-401.997261302312040 
-396.565740899867535 
-391.171385676233967 
-386.998968463667211 
-380.478920332767245 
-369.925244025301538 
-361.819466728910243 
-351.525696265973579 
-341.938921886536775 
-334.143149122633815 
-328.077176715938322 
-322.610450994122971 
-195.245330982349060 
-165.002197125828843 
-245.628349907203329 
-348.048228907473856 
-401.983899967349430 
-402.584355268196589 
-400.782444011875384 
-395.359449032969735 
-391.169528380611780 
-384.023702041739512 
-377.529211315607768 
-365.857528544090940 
-357.796115807344563 
-348.126162185179453 
-337.472596547546004 
-334.139341055640557 
-325.884788915877380 
-318.812885659466190 
