-414.734843063427377 
-414.116985674809143 
-413.501468207571577 
-414.733487304842527 
-414.734349887665246 
-415.967132967865666 
-415.349833569590658 
-415.351003662258790 
-415.350957481270484 
-415.349771896310983 
-415.969073354706325 
-414.117586356771824 
-413.503071680742437 
-412.887907703544442 
-414.117078120377471 
-415.348219218274778 
-415.965733858283556 
-416.585138990034807 
-415.967748574510722 
-415.348203696340931 
-415.348572553859697 
-415.347236393909952 
-414.732856199238142 
-417.204159634768587 
-414.733887636899624 
-414.735228576829286 
-414.118449445683268 
-414.116724012140537 
-415.966271740084608 
-415.967332822423543 
-416.583371055734460 
-415.964643673080161 
-416.581636794198459 
-416.582495867547550 
-415.965395953098437 
-415.966041183885295 
-416.584185380004101 
-414.115078362039299 
-414.117802059173243 
-414.118264456327324 
-415.965073457167477 
-416.581974251517806 
-415.964566940130624 
-416.581422214203258 
-417.198876851158218 
-415.962772965729812 
-416.580947100927517 
-416.580548729214570 
-415.962987506090315 
-417.199765684293311 
-415.347466608706782 
-415.348572553859697 
-414.117170501113094 
-416.582726117530797 
-415.963232699269895 
-416.580609989991331 
-415.963891885465216 
-416.579982080680168 
-416.579584311973463 
-416.578070561397226 
-415.962512702001959 
-416.579936327767257 
-417.197468769844875 
-416.580028127591163 
-416.580977706528756 
-416.583739789151821 
-417.201207745482861 
-415.961976837782970 
-415.961181197354392 
-416.579094760082342 
-416.578131670542803 
-416.577032131351757 
-416.576498012954289 
-416.577596964695317 
-416.577535888215380 
-416.577994089181402 
-415.959927835209271 
-416.579645513695937 
-417.200409699613886 
-416.579921004293112 
-417.198080735506380 
-415.961777831849020 
-417.196077741279737 
-416.577856672381813 
-416.576467544148045 
-416.575781332988640 
-416.576635315894237 
-416.575217451329308 
-416.575308891594489 
-415.958752396971477 
-415.959622382378882 
-417.196505555222586 
-415.962068621458684 
-417.196352805948436 
-415.958706656016147 
-417.195772469492852 
-417.192205817405068 
-416.573831981943101 
-416.572007964342788 
-416.572448429426856 
-416.573162796368422 
-416.573786364501018 
-415.956268617297951 
-416.575644074588013 
-417.195070326852033 
-415.960416710182130 
-417.811177157951192 
-415.958523567704106 
-417.812410468434280 
-417.189880735039139 
-416.569081193918180 
-416.569247803099756 
-416.569884104195012 
-416.571097165503829 
-416.570278176895897 
-416.571142660433509 
-416.573862443079008 
-417.192890780646223 
-416.576513284065584 
-417.191369405603325 
-416.572524406280820 
-417.808456959780358 
-417.186622470525663 
-416.566042275836367 
-416.566027235755087 
-415.949881766601493 
-417.185276835497689 
-417.186425788735050 
-416.569490186726227 
-417.190351371890699 
-416.573345237348803 
-417.191080637705056 
-417.807152706070951 
-416.569944715100235 
-417.806804171225053 
-417.183751815306209 
-416.563072688886166 
-416.564232398800073 
-416.563885866907526 
-416.565151990507559 
-417.803250048472023 
-417.187439831882500 
-417.191399772744603 
-415.952941173042177 
-417.189304069030186 
-417.187712386057910 
-415.949866702089537 
-417.803687934599282 
-417.799573029986902 
-416.561223125714321 
-416.561463571840818 
-417.179251160592230 
-417.181416217405967 
-417.801500275179649 
-417.186168653371567 
-417.189926182150430 
-416.567522779452020 
-416.567401854524633 
-417.182741575045441 
-415.330691403011770 
-417.799031784024635 
-417.795325223930718 
-417.176626271145892 
-416.559002110682684 
-416.558987104656694 
-417.179581654817298 
-417.802223977756228 
-417.185427902133256 
-417.186773812735851 
-415.947676403661092 
-416.566178150554890 
-417.180799302645880 
-414.709241109788934 
-417.795265452939304 
-417.791781848782307 
-416.555500527763400 
-416.555918891203532 
-416.557339598484646 
-417.179746907080414 
-417.800521077414373 
-417.801907203575922 
-417.804413150633536 
-415.944121716407324 
-416.563102824033706 
-416.557653825253965 
-415.324956517263274 
-417.792274543255132 
-417.788711862272407 
-417.169075235498099 
-416.554022771921154 
-416.556083250365077 
-416.559916974545160 
-417.800114640810932 
-417.800385556266065 
-417.802646307649752 
-414.708700270504039 
-415.941014257657514 
-416.554649455674053 
-415.321764634207852 
-417.172470581494792 
-418.404248840530613 
-417.166195217325594 
-416.551564711631215 
-416.554365902153279 
-416.558148054544688 
-417.177930346381231 
-417.798220284910769 
-417.799061817684901 
-414.705521152483243 
-415.937662336666733 
-416.551594289175569 
-415.317047993140477 
-416.549528306766547 
-417.781846620982833 
-417.162422214883009 
-415.931081209136210 
-415.934217510855660 
-416.556262672780690 
-416.557863364634898 
-416.559181986148872 
-416.558912149355649 
-414.701889482805541 
-415.934902573392890 
-416.549216551749282 
-414.697052990051588 
-416.547451608648544 
-417.159163773684327 
-417.160548417396740 
-415.928517026731583 
-415.933012355476365 
-415.936527701864065 
-416.556262672780690 
-415.939292031283912 
-415.940339989709230 
-414.697245939036804 
-415.929524225662476 
-415.926904854186205 
-414.694650792202538 
-416.541099996297419 
-415.920408611826304 
-415.921863351501827 
-415.309319757921003 
-415.312783276347318 
-415.932789340476347 
-415.935453888661641 
-414.701382446655487 
-414.704010176949453 
-414.693037823110217 
-414.692623858141417 
-415.922466430489919 
-415.305485218653757 
-416.537543067203273 
-415.300624764642578 
-415.302017268959105 
-414.690084713289878 
-414.693688565043828 
-415.313510221061506 
-415.315203123106187 
-414.700056370862058 
-414.085328252683155 
-414.690910784110770 
-412.841209921407369 
-415.916437445527777 
-414.685495538361181 
-415.298488431993405 
-415.294214773121894 
-414.680372359848946 
-412.840135081769631 
-413.458751831999678 
-414.691383060793100 
-415.310798342017165 
-414.697988648246394 
-412.853124955144040 
-413.454333405522107 
-412.219701753760944 
-414.063038866154614 
-414.679803235661552 
-415.290930876685593 
-415.291133894178984 
-414.059747490736754 
-412.835554228449496 
-412.838106327712865 
-413.456451870102910 
-415.307400580038291 
-414.695539840728202 
-412.850415282276401 
-412.833096268626605 
-411.600368560815753 
-413.441063607383455 
-414.057046682790144 
-415.286645953052073 
-413.436058478439463 
-414.056408698941084 
-411.602118558145378 
-412.219818905999375 
-413.451809016858022 
-414.073273760879488 
-413.461131183973123 
-412.232844854482039 
-412.211799320058219 
-409.752963855469432 
-412.203396977074021 
-412.203670529412193 
-415.277758433103429 
-412.199975360001417 
-412.817998998039457 
-410.982954511987430 
-410.373173332278668 
-412.831650622278460 
-412.837445719569189 
-412.227622924116076 
-411.002918125016663 
-411.587312383091216 
-408.518720876253042 
-410.965520088900007 
-410.966062519192690 
-413.421433443769047 
-412.193295327103215 
-411.582778162711634 
-410.363538413317144 
-408.530324679467412 
-410.371032162609936 
-412.218589770086055 
-410.381651234842082 
-409.771332619182203 
-410.351281425570846 
-406.064778797177667 
-408.504162513893561 
-410.344046855369299 
-412.796553525504919 
-409.730329326378978 
-409.734599342605861 
-409.131035863300497 
-407.299743146757123 
-408.527845457494777 
-410.986008848021186 
-409.151064849400370 
-408.541624204878303 
-408.503045870739584 
-405.443228470282122 
-407.268878571923892 
-406.051459306909749 
-409.716942982577052 
-407.884334464878918 
-407.276805081084149 
-406.676092211685784 
-406.069467941301298 
-406.685413622474925 
-408.528164006436725 
-403.651361377414958 
-406.091640659527457 
-403.610241782540072 
-401.175010493496188 
-401.169864353509070 
-401.171290406471940 
-404.815482364824106 
-402.994783903496170 
-402.999262380871130 
-404.225311963063177 
-402.408008017577231 
-403.022917120893851 
-406.685973930167847 
-401.820911902313071 
-400.006586184775244 
-395.725274634611139 
-396.922434571952806 
-398.123245523929029 
-393.912279346969171 
-400.544970413194164 
-396.922831032593820 
-395.122187099708640 
-395.133251531581436 
-397.549593315231903 
-396.955439347202571 
-401.197498575333725 
-398.178840836335610 
-397.578374555664823 
-384.935167872410602 
-387.900499780004111 
-387.896993686135772 
-387.305168388068637 
-392.682022830724122 
-391.488667208837910 
-384.934965301228942 
-389.117514154006301 
-386.740297685767075 
-386.749869842600049 
-393.338474343372013 
-391.544354665442086 
-390.351605366450087 
-370.195481421027523 
-372.517630969809034 
-369.599853924249203 
-371.353103962305113 
-375.442007966077711 
-375.449017531267714 
-370.777469777495185 
-376.058824873951551 
-375.482358849158743 
-376.079304454273654 
-381.396759908616332 
-378.453882197480766 
-376.106414648980376 
-346.645881830873122 
-346.634584667672584 
-339.906504313789128 
-343.267885433691731 
-349.460919314163050 
-343.272132185859107 
-342.160314454259208 
-344.420983750459868 
-349.507840840263782 
-345.008919579238409 
-355.790805074228444 
-355.797919028733190 
-355.805097589656441 
-293.016954506783236 
-300.301147440370869 
-300.304304301336401 
-301.887127751335413 
-302.407693272792585 
-303.996045257972071 
-300.324350086778168 
-304.552658192022079 
-306.684043919959834 
-298.283465558562625 
-310.446271388290029 
-307.798397130192200 
-306.747198185361583 
-202.696569821059825 
-199.676488824573312 
-206.149817261317367 
-216.271903485386815 
-215.381037912777686 
-222.105503004355143 
-216.730927617362283 
-215.413145069896643 
-219.446027089197031 
-218.576660148620334 
-227.187525694408095 
-226.750310466212454 
-227.682743855609630 
-79.375754620831643 
-62.281856255527345 
-68.669132577973187 
-68.162470778490231 
-68.159476142450117 
-75.360026330721908 
-71.720197135531805 
-76.160690574966836 
-81.552358210453718 
-81.569541155449343 
-86.595869255601528 
-84.099185069667584 
-85.800661373423480 
-0.466073060549038 
-0.143884028164954 
0.000000000079162 
-1.260631600654202 
-1.029802368694903 
-0.351856423073147 
-0.945168390362795 
-1.169879075684495 
-2.277397712087657 
-3.523605063161577 
-1.602240288310782 
-1.241434741613137 
-1.206383692984671 
-1.057998019665400 
-2.112790757078717 
-1.357691018080749 
-2.342118734822096 
-4.717426405720563 
-8.723963573709673 
-8.636603720621752 
-13.739061737570598 
-13.857698828262810 
-20.454137327350267 
-23.934972553893594 
-25.781861388129641 
-29.005992255396880 
-41.524700522416047 
-32.125664170155531 
-31.096116481109572 
-20.766409252254252 
-14.408909902676324 
-8.394858978642215 
-6.556066840210033 
-3.080787534396216 
-3.195761856308931 
-0.058483612793389 
-0.344101616507284 
-1.761749174285591 
-3.921127709111900 
-155.192929418343283 
-130.911031272805133 
-123.379096046346319 
-109.632879298157192 
-90.526910509042779 
-77.717646553421460 
-61.504139529505885 
-48.248772979376746 
-38.642279672868739 
-21.614939242473660 
-12.525356850921890 
-6.133046922632473 
-1.730761472103539 
-255.175376773308841 
-232.471697778565414 
-219.708749095257900 
-205.130004558358024 
-184.821337872574304 
-166.731021963125698 
-134.037408674211406 
-110.586942213222798 
-97.589682817205968 
-66.882137539364081 
-44.748052500688978 
-27.516016313090184 
-14.569505222151220 
-306.947736678026331 
-295.899633415460983 
-283.515442367519654 
-263.961878377420533 
-244.635541742800598 
-226.034910744883121 
-203.381436539739468 
-172.663875639467562 
-151.451808606262659 
-106.497678943933579 
-74.833031901210418 
-46.416560384407944 
-26.124658611099555 
-336.848640395079087 
-329.104593314194176 
-319.817870945970583 
-310.129760576143610 
-292.764767785112440 
-278.926376934644452 
-247.945265844268164 
-216.578199626948191 
-187.316859790014007 
-142.647176654630073 
-97.335577301867644 
-59.215903289431651 
-27.392382248416226 
-352.039515955851982 
-352.035777917604150 
-350.318185532878715 
-340.173787489313781 
-328.530551065105897 
-313.861281464125284 
-287.074798976646377 
-255.177749117574848 
-221.074267767025674 
-166.388346736856846 
-109.053268044925119 
-67.936896810862521 
-30.510172928543032 
-368.723759184309756 
-363.505760207099343 
-365.803295455468856 
-358.867567006733282 
-345.776512834862046 
-335.697386875038490 
-313.854762669279410 
-288.125056117446888 
-247.031454238755259 
-188.595508905544619 
-120.430820469820787 
-69.200894114018922 
-32.045320798613176 
-373.984787643744824 
-371.641787884959456 
-375.725767670382083 
-371.025143963815594 
-363.463411660277700 
-353.129121009471874 
-330.166428300642849 
-305.877047789202948 
-265.459757209177667 
-193.208520325978014 
-132.721552987877118 
-75.670208949809250 
-38.539246972000292 
-377.514229280108623 
-382.231554558796518 
-380.443718943532701 
-379.836262222751088 
-373.938732879234124 
-370.416534137191945 
-344.637049953373321 
-316.567650940755868 
-277.442647706550076 
-201.301106317928173 
-143.054452149283520 
-89.452053285678176 
-45.628063619394105 
-381.650540398858880 
-385.795639709152567 
-383.410097561176599 
-384.576998354868351 
-381.003954721318792 
-377.447861376142498 
-354.268123680037945 
-332.393657945472683 
-290.204348270279525 
-213.083384375506654 
-147.804624940430216 
-91.176317601989439 
-61.122872771555897 
-384.618413860454041 
-386.393314585086159 
-387.577189858568204 
-386.361757713569602 
-386.346623752445112 
-383.359075870450113 
-365.765399981135090 
-340.732383516809875 
-302.733668587061970 
-224.287354308357124 
-158.306087597065556 
-104.687634123960763 
-79.143970229956309 
-387.001688318557797 
-386.993517901950554 
-388.775990051685085 
-390.543002577072059 
-391.725952290778196 
-385.736573672620978 
-373.340550997874402 
-352.015840320092138 
-308.562852059860745 
-234.848067603069580 
-173.534729306391739 
-120.121417199607919 
-84.077939475400967 
-388.795904043989253 
-389.384489035173090 
-390.570261954611965 
-394.748739540249233 
-392.325144047294089 
-389.313495433905132 
-380.994736244464320 
-362.323848599019357 
-314.989456421355385 
-246.607030814394534 
-188.211886503879413 
-126.180347093406354 
-95.884458431104022 
-388.200128194142849 
-389.985439226234007 
-391.171375926492090 
-395.351540935201172 
-392.325125469463671 
-394.110989224155333 
-385.149418826803810 
-366.376650802346433 
-323.657210161792250 
-261.578363884346004 
-200.462187098031563 
-137.319718704969972 
-105.012668878594368 
-387.606733712478558 
-391.183656837874707 
-391.172398457347128 
-395.351199541296580 
-392.326213975055623 
-393.515050768807498 
-387.538214891163420 
-368.708834652513190 
-332.435629641919832 
-273.469449568896380 
-206.080211441308222 
-147.827972162856383 
-102.846422253470692 
-387.013250999359855 
-390.586324516156026 
-391.770801151041951 
-394.146587995646939 
-392.329925802741855 
-395.922938464489164 
-387.540802468269533 
-369.874407808900912 
-339.100519503651753 
-277.492591007899989 
-212.217690291831985 
-151.158265635984748 
-101.006746345607894 
-387.014206055350030 
-389.988585401061187 
-392.369771949621793 
-394.749792328034857 
-392.929070574904983 
-395.926105852684771 
-389.339241128588981 
-371.043784291994029 
-346.959028856991551 
-284.087445176806966 
-212.657076786661520 
-164.097592417012862 
-92.647663044005867 
-387.014375987607082 
-388.197003686529001 
-391.171385676233967 
-391.745464471859918 
-392.330206147274168 
-395.927600936767817 
-388.742478479284046 
-371.628988616407241 
-346.388171970549479 
-281.537667064958157 
-219.788701503883431 
-160.236432241901866 
-100.703235861297145 
-387.014479587207290 
-386.410564162799858 
-391.169528380611780 
-391.744098980085369 
-392.327350318384447 
-394.119290445974798 
-388.745403902014743 
-374.554901369494416 
-343.574832060813151 
-290.248428603906348 
-225.664835185425915 
-146.714776621823432 
-96.182813965045227 
