-9999999.900000000372529 
-638.793209184936018 
-347.958063490202562 
-9999999.900000000372529 
-9999999.900000000372529 
-9999999.900000000372529 
-9999999.900000000372529 
-9999999.900000000372529 
-9999999.900000000372529 
-9999999.900000000372529 
-9999999.900000000372529 
-9999999.900000000372529 
-9999999.900000000372529 
-9999999.900000000372529 
-9999999.900000000372529 
-273.782430174454419 
-9999999.900000000372529 
-9999999.900000000372529 
-9999999.900000000372529 
-9999999.900000000372529 
-9999999.900000000372529 
-9999999.900000000372529 
-9999999.900000000372529 
-9999999.900000000372529 
-9999999.900000000372529 
-9999999.900000000372529 
-9999999.900000000372529 
-9999999.900000000372529 
-201.533974504832315 
-9999999.900000000372529 
-9999999.900000000372529 
-9999999.900000000372529 
-9999999.900000000372529 
-9999999.900000000372529 
-9999999.900000000372529 
-9999999.900000000372529 
-9999999.900000000372529 
-9999999.900000000372529 
-9999999.900000000372529 
-9999999.900000000372529 
-9999999.900000000372529 
-146.456762994110221 
-9999999.900000000372529 
-9999999.900000000372529 
-9999999.900000000372529 
-9999999.900000000372529 
-9999999.900000000372529 
-9999999.900000000372529 
-9999999.900000000372529 
-9999999.900000000372529 
-9999999.900000000372529 
-9999999.900000000372529 
-9999999.900000000372529 
-9999999.900000000372529 
-96.787662635380812 
-9999999.900000000372529 
-9999999.900000000372529 
-9999999.900000000372529 
-9999999.900000000372529 
-9999999.900000000372529 
-9999999.900000000372529 
-9999999.900000000372529 
-9999999.900000000372529 
-9999999.900000000372529 
-9999999.900000000372529 
-9999999.900000000372529 
-9999999.900000000372529 
-51.511344105339923 
-9999999.900000000372529 
-9999999.900000000372529 
-9999999.900000000372529 
-9999999.900000000372529 
-9999999.900000000372529 
-9999999.900000000372529 
-9999999.900000000372529 
-9999999.900000000372529 
-9999999.900000000372529 
-9999999.900000000372529 
-9999999.900000000372529 
-9999999.900000000372529 
-20.362704991197283 
-9999999.900000000372529 
-9999999.900000000372529 
-9999999.900000000372529 
-9999999.900000000372529 
-9999999.900000000372529 
-9999999.900000000372529 
-9999999.900000000372529 
-9999999.900000000372529 
-9999999.900000000372529 
-9999999.900000000372529 
-9999999.900000000372529 
-9999999.900000000372529 
-5.640702420171227 
-9999999.900000000372529 
-9999999.900000000372529 
-9999999.900000000372529 
-9999999.900000000372529 
-9999999.900000000372529 
-9999999.900000000372529 
-9999999.900000000372529 
-9999999.900000000372529 
-9999999.900000000372529 
-9999999.900000000372529 
-9999999.900000000372529 
-9999999.900000000372529 
0.000000000079162 
-712.131125402017005 
-9999999.900000000372529 
-9999999.900000000372529 
-9999999.900000000372529 
-9999999.900000000372529 
-9999999.900000000372529 
-9999999.900000000372529 
-9999999.900000000372529 
-9999999.900000000372529 
-9999999.900000000372529 
-9999999.900000000372529 
-9999999.900000000372529 
-5.531476775061135 
-580.401267612457559 
-9999999.900000000372529 
-9999999.900000000372529 
-9999999.900000000372529 
-9999999.900000000372529 
-9999999.900000000372529 
-9999999.900000000372529 
-9999999.900000000372529 
-9999999.900000000372529 
-9999999.900000000372529 
-9999999.900000000372529 
-9999999.900000000372529 
-23.318568190517748 
-471.012509471239639 
-9999999.900000000372529 
-9999999.900000000372529 
-9999999.900000000372529 
-9999999.900000000372529 
-9999999.900000000372529 
-9999999.900000000372529 
-9999999.900000000372529 
-9999999.900000000372529 
-9999999.900000000372529 
-9999999.900000000372529 
-9999999.900000000372529 
-45.266528761088509 
-391.266180264379216 
-9999999.900000000372529 
-9999999.900000000372529 
-9999999.900000000372529 
-9999999.900000000372529 
-9999999.900000000372529 
-9999999.900000000372529 
-9999999.900000000372529 
-9999999.900000000372529 
-9999999.900000000372529 
-9999999.900000000372529 
-9999999.900000000372529 
-81.367271810756279 
-305.181748416839355 
-9999999.900000000372529 
-9999999.900000000372529 
-9999999.900000000372529 
-9999999.900000000372529 
-9999999.900000000372529 
-9999999.900000000372529 
-9999999.900000000372529 
-9999999.900000000372529 
-9999999.900000000372529 
-9999999.900000000372529 
-9999999.900000000372529 
-127.841973951489763 
-242.281274657169632 
-9999999.900000000372529 
-9999999.900000000372529 
-9999999.900000000372529 
-9999999.900000000372529 
-9999999.900000000372529 
-9999999.900000000372529 
-9999999.900000000372529 
-9999999.900000000372529 
-9999999.900000000372529 
-9999999.900000000372529 
-9999999.900000000372529 
-174.558958428544400 
-183.945656666894791 
-9999999.900000000372529 
-9999999.900000000372529 
-9999999.900000000372529 
-9999999.900000000372529 
-9999999.900000000372529 
-9999999.900000000372529 
-9999999.900000000372529 
-9999999.900000000372529 
-9999999.900000000372529 
-9999999.900000000372529 
-9999999.900000000372529 
-238.365320331241975 
-135.977209175851783 
-9999999.900000000372529 
-9999999.900000000372529 
-9999999.900000000372529 
-9999999.900000000372529 
-9999999.900000000372529 
-9999999.900000000372529 
-9999999.900000000372529 
-9999999.900000000372529 
-9999999.900000000372529 
-9999999.900000000372529 
-9999999.900000000372529 
-300.868416987567400 
-91.801520786615768 
-9999999.900000000372529 
-9999999.900000000372529 
-9999999.900000000372529 
-9999999.900000000372529 
-9999999.900000000372529 
-9999999.900000000372529 
-9999999.900000000372529 
-9999999.900000000372529 
-9999999.900000000372529 
-9999999.900000000372529 
-9999999.900000000372529 
-365.495263334156164 
-58.758502964890312 
-690.222341379033878 
-9999999.900000000372529 
-9999999.900000000372529 
-9999999.900000000372529 
-9999999.900000000372529 
-9999999.900000000372529 
-9999999.900000000372529 
-9999999.900000000372529 
-9999999.900000000372529 
