-326.796914320604174 
-337.270673309841641 
-347.958063490202562 
-355.365779426919687 
-357.105148980084891 
-361.699375304612431 
-364.012012265388819 
-367.484858598771211 
-370.388828368137069 
-368.061173767452431 
-367.481938055934620 
-365.166297722928505 
-364.582971378179650 
-271.798940376000189 
-264.825478492506534 
-273.782430174454419 
-281.378009928923859 
-295.807203838921453 
-295.833238042744767 
-301.606000533916927 
-305.308708495988753 
-303.736512342595631 
-313.841377114011891 
-317.068226738962551 
-316.536328485460217 
-318.157620243762437 
-212.891894085117855 
-197.261370920083209 
-201.533974504832315 
-212.425456920691857 
-218.231146486017280 
-220.956906524521116 
-233.298677904980877 
-243.610199507698695 
-243.163233082733626 
-240.356674179566937 
-245.087072895490707 
-247.944886267162559 
-249.864336156953271 
-164.981595036036680 
-136.011710285554130 
-146.456762994110221 
-146.080947468201856 
-150.516782439979039 
-156.923826791894470 
-155.065435887053212 
-159.277705747281715 
-167.437110348356441 
-171.008217505563863 
-176.223570338303347 
-176.648362404697963 
-178.274834102938229 
-102.235631436342288 
-84.932609874639894 
-96.787662635380812 
-89.475006133849575 
-89.755343114946413 
-95.898599327428514 
-99.817002645849797 
-97.736448211518280 
-99.575239250541571 
-101.434960558639503 
-109.251378743839297 
-112.788737211771007 
-116.702750423949453 
-59.186584224538173 
-49.132972740519634 
-51.511344105339923 
-48.925082771204970 
-46.815823834001364 
-50.631385068968292 
-49.565136731288000 
-49.364702140289829 
-53.519036838236758 
-52.448173231070150 
-57.886886345436096 
-57.007804618233564 
-56.353005040788830 
-30.423662538137176 
-19.006295192904282 
-20.362704991197283 
-18.741937025461901 
-17.064265670221214 
-20.761797326746478 
-19.401102068943189 
-17.446220730811195 
-15.594799286606658 
-17.715035013967540 
-24.708762660310011 
-22.666775801520345 
-22.412051357662850 
-8.810885233368838 
-3.392855436579641 
-5.640702420171227 
-2.413435345427514 
-2.457039566069238 
-2.954875204216269 
-3.671979935098518 
-2.045798717567760 
-1.268566982390008 
-0.869206804372517 
-2.463950448290376 
-3.692235303842101 
-4.186381904742958 
-0.466073060549038 
-0.143884028164954 
0.000000000079162 
-1.260631600654202 
-1.029802368694903 
-0.351856423073147 
-0.945168390362795 
-1.169879075684495 
-2.277397712087657 
-3.523605063161577 
-1.602240288310782 
-1.241434741613137 
-1.206383692984671 
-3.594274711464706 
-7.405697357654959 
-5.531476775061135 
-9.922514164944980 
-12.599477472745093 
-9.546704243728797 
-11.540653146516963 
-13.276317475415253 
-16.351049027853115 
-18.142402684543995 
-16.601303531814551 
-15.493886914215732 
-15.130465109775242 
-18.418478006127732 
-24.377728671503181 
-23.318568190517748 
-29.819990546550301 
-32.401027609313267 
-30.502370924583918 
-30.847350583209082 
-39.237238615585504 
-43.407276590449037 
-46.942374454684540 
-40.022821689100816 
-44.025840292491580 
-44.022554933539944 
-41.417305665258191 
-53.746638053522609 
-45.266528761088509 
-56.497945158671399 
-61.975371269457774 
-62.467638183866285 
-64.196154770503242 
-69.002260394711229 
-81.639868684441751 
-85.330620615454379 
-74.520500807936671 
-74.256579693607691 
-77.770309866329924 
-78.881497595395700 
-91.766486337875023 
-81.367271810756279 
-101.842427734572013 
-97.502876063949458 
-100.596306353013262 
-102.794632039635331 
-109.854289210938205 
-121.914304359545326 
-130.315486393279173 
-128.540691381775815 
-128.544495003155362 
-122.265273066874428 
-131.403199948863403 
-135.357885628052514 
-127.841973951489763 
-142.702974474741609 
-145.326418696925032 
-150.643858928303217 
-151.800193672605161 
-157.630738254185673 
-167.189081388515064 
-185.039959706627542 
-181.649258291056242 
-188.464946060360830 
-182.073649058764403 
-191.072378777774361 
-184.630355120704195 
-174.558958428544400 
-202.037145332791795 
-204.721893264227845 
-202.487495364284257 
-203.385510474759542 
-207.434108081069837 
-226.853194146466251 
-232.570554011266523 
-234.008533248200166 
-240.303546618464622 
-245.202470782356443 
-245.220968202371722 
-257.690352737567650 
-238.365320331241975 
-257.676997172961933 
-256.164642975822574 
-271.508837032088763 
-265.323832499117088 
-269.444796533378735 
-284.659303292020638 
-304.152866344511892 
-283.068649847645077 
-303.605669965551272 
-310.246017587497988 
-319.799733215434685 
-320.930102782818494 
-300.868416987567400 
-313.036443974377789 
-334.656874532462041 
-338.141615310366433 
-335.826114645271332 
-320.928501696131150 
-349.896118811956455 
-369.736887206718791 
-339.317730056852326 
-346.356370945696710 
-383.284153378575127 
-372.204537103288942 
-374.655534820051002 
-365.495263334156164 
-400.896102218976694 
-406.642782164608377 
-398.990356073560690 
-404.731532021005023 
-415.685947765734966 
-397.100402671847405 
-430.080604369319133 
-414.388613163348907 
-430.084665514051210 
-431.407462714083636 
