0.98 
0.985417001666 
0.976391402559 
0.974987697786 
0.988096823771 
0.988260163065 
0.972020734167 
0.999287152213 
0.968004993592 
0.977174204621 
0.981747947614 
0.972992684527 
0.964085231915 
0.967515864922 
0.985827879156 
0.991232712227 
0.992576688143 
0.994911029858 
0.964205585931 
0.974124198926 
0.992812865759 
0.980637570805 
0.975824542957 
0.968080942 
0.971055557098 
0.968945627422 
0.987424221339 
0.988547594137 
0.988374380318 
0.998269408037 
0.973385300257 
0.99499232315 
0.975667444269 
0.966501201537 
0.963949050445 
0.96938851033 
0.967996972741 
0.966228843363 
0.99653333787 
0.999578594253 
0.966114597753 
0.995354050016 
0.971281061964 
0.966543286641 
0.969936613493 
0.99382122946 
0.978103849117 
0.969583489443 
0.979088542 
0.976941727784 
0.977987234782 
