0.2 
0.17919655342 
0.171969759895 
0.188854578279 
0.224668582705 
0.20982689803 
0.211468813958 
0.194177549972 
0.153301341737 
0.209482740077 
0.19530897685 
0.170370500639 
0.237696613248 
0.181699224457 
0.220337501356 
0.218649575607 
0.213231802647 
0.226273848284 
0.164270833631 
0.24544160544 
0.156796723016 
0.236836000827 
0.237313715515 
0.234921572268 
0.235561268183 
0.222739770141 
0.204792771674 
0.185533701307 
0.22052560285 
0.236459455001 
0.152664497482 
0.162809529478 
0.235350955963 
0.153343688404 
0.203078687757 
0.223144962786 
0.223492056359 
0.224134434103 
0.223427865258 
0.22208017028 
0.184474627088 
0.192857049144 
0.172301981326 
0.197557384139 
0.239162645908 
0.238575076066 
0.170646772233 
0.184191349959 
0.165078213778 
0.18028297938 
0.205786107506 
