0.98 
0.961245889177 
1.11874702783 
0.882898463362 
0.912183453614 
0.886099556286 
0.957852519243 
1.14557545669 
0.98532822111 
1.0754842968 
1.05965977702 
1.05417001666 
0.963914025589 
0.94987697786 
1.08096823771 
1.08260163065 
0.920207341674 
1.19287152213 
0.880049935918 
0.97174204621 
1.01747947614 
0.929926845273 
0.840852319154 
0.875158649223 
1.05827879156 
1.11232712227 
1.12576688143 
1.14911029858 
0.842055859311 
0.941241989262 
1.12812865759 
1.00637570805 
0.958245429572 
0.880809420005 
0.91055557098 
0.889456274216 
1.07424221339 
1.08547594137 
1.08374380318 
1.18269408037 
0.93385300257 
