0.2 
1.1497696945 
0.570023328057 
0.295036046099 
0.218471513358 
0.38165530989 
0.339909182219 
0.286865300894 
1.19600013611 
1.2873578276 
0.283437932599 
1.16062150047 
0.438431858922 
0.296298599222 
0.3980984048 
1.11463688379 
0.6431154735 
0.387504683294 
0.672656259986 
0.608251833525 
0.639617043468 
0.45035864104 
0.363637118736 
0.566254939348 
0.996022992463 
0.817922776365 
0.837625767497 
0.63013059966 
0.139616100849 
0.81379288092 
0.643707722206 
0.344446007669 
1.15235935898 
0.480390693479 
0.944050016277 
0.923794907278 
0.858781631759 
1.01528617941 
0.271250003567 
1.24529926528 
0.181560676189 
