0.2 
0.838106007027 
0.842166581875 
0.821833364279 
0.827270779552 
0.718288046201 
0.565738559231 
0.402036461112 
0.699467624222 
0.834905367506 
0.122648228594 
0.20888100056 
0.825483125689 
0.128421351438 
0.551168845937 
0.721732183677 
0.724682479052 
0.730142689873 
0.724136854692 
0.712681447377 
0.393034330251 
0.464284917723 
0.289566841273 
0.50423776518 
0.857882490217 
0.852888146563 
0.275497563982 
0.390626474649 
0.228164817114 
0.357405324734 
0.5741819138 
0.273970595337 
0.191724061846 
0.125636191326 
0.205909325985 
0.283237013949 
0.394774364826 
0.171103003625 
0.896665116532 
0.361243112602 
0.58015856705 
