0.2 
0.969186158549 
1.05645106981 
0.522370473329 
1.10411288856 
0.56809646142 
0.24880328859 
1.18951185329 
1.18133615118 
0.605684002318 
0.294549083748 
0.70613337611 
0.510089908345 
0.980950695295 
1.1218280377 
1.11248028339 
0.38619516461 
0.253444704549 
0.237949293012 
0.696646729252 
0.873497141937 
0.354602113539 
0.948444158258 
0.471480549517 
0.822818403011 
1.15291043514 
0.667501043247 
0.34995091882 
0.816501356301 
0.156007208382 
0.889042348218 
0.684356230516 
0.439058966375 
0.69646952619 
0.89613172917 
0.978738354814 
0.546511091183 
0.342037293768 
0.642402088026 
0.138190181019 
0.190040612111 
0.531593021158 
1.2095525619 
0.590532746162 
0.399079709918 
0.312702025989 
1.06438756943 
0.190304467997 
0.646389620772 
0.264288869006 
0.187739065956 
