12 
38.2150414704 
114.335323025 
66.2696484684 
64.1442975877 
103.999266848 
43.4046606424 
75.8514726134 
20.1899378161 
23.3452943592 
109.875037246 
68.4062146969 
106.533428767 
96.6461253135 
9.55048033738 
73.3801382192 
35.6974412993 
88.4590401271 
91.6590492822 
59.3311209668 
6.15705169968 
2.86752852399 
52.9112499763 
91.5073366702 
70.040158859 
71.2568929003 
44.0805577699 
34.9638494758 
71.0229536035 
107.487435648 
82.9595736403 
111.948530902 
40.7506360596 
15.0206643828 
53.6524696073 
11.978744909 
17.1865503346 
55.0256846415 
79.7882991349 
51.9556101802 
52.8762388862 
109.832060382 
26.680286631 
105.629966601 
34.078940442 
87.8300562242 
45.3576012867 
18.9315305103 
17.9464922687 
72.3752506173 
102.93407041 
3.07149065624 
111.000658086 
84.3847787651 
38.2540774118 
62.2227324545 
116.932851143 
89.2243976574 
29.5765617314 
46.9180113115 
16.3947590984 
5.83090610703 
29.3489007876 
55.1398625674 
1.16756296044 
38.8546392781 
95.6117682425 
79.3882268756 
94.9283775074 
85.1297204393 
80.7442387034 
75.9256096129 
49.7698454544 
63.8566022573 
5.44737222931 
21.0858743153 
30.8408582314 
42.7062218222 
81.9069005894 
86.1478173661 
92.7816575649 
47.8213623181 
59.9391832771 
9.46493781246 
49.7693457457 
42.2155066895 
39.3203343733 
29.9766982611 
106.325071872 
72.4344369154 
60.799486143 
31.18538063 
107.149327459 
119.545831554 
83.7648069346 
43.8532545948 
62.0932519622 
6.79968311348 
59.2558757142 
35.9306426214 
64.846554805 
