0.2 
0.503241506205 
0.282736882182 
0.59465931823 
0.720372889287 
0.649256861692 
0.765272802293 
0.73107742008 
0.860084351387 
0.0872050651505 
0.382627402688 
0.938213979633 
0.453681519141 
0.418197613951 
0.810020922575 
0.620423872761 
0.941339952599 
0.504830450494 
0.0831189319663 
0.309851772636 
0.942365314579 
0.339438527535 
0.928788558267 
0.627853319787 
0.100060394387 
0.336074725267 
0.944122950387 
0.721635082754 
0.920753092251 
0.653799610013 
0.563983263806 
0.795579512926 
0.34697026037 
0.466753815804 
0.230557706491 
0.213960524799 
0.678214027716 
0.806113692353 
0.767216416722 
0.178590929504 
0.644367413169 
0.137389275849 
0.0531257179452 
0.567073019682 
0.595879555231 
0.688907713715 
0.220809227092 
0.588846306538 
0.42098007136 
0.0366156038384 
0.879851419915 
0.162065441342 
0.205780450908 
0.434574387542 
0.692467711311 
0.409346968391 
0.382504871825 
0.935251014832 
0.637362304227 
0.637664557522 
0.894311256904 
0.542307735546 
0.926565886797 
0.245755319364 
0.390115180054 
0.848537458538 
0.724894182463 
0.454354167735 
0.426192532833 
0.17404746473 
0.638112948878 
0.494375628155 
0.80602549662 
0.546443678866 
0.784655460038 
0.285255147002 
0.31288884465 
0.587300555969 
0.0875198838714 
0.786191557103 
0.681945356212 
0.295064926843 
0.506144184887 
0.317970704665 
0.620394394374 
0.0254910743142 
0.515239570938 
0.930505222183 
0.407479349819 
0.920119172834 
0.930903147004 
0.427015841764 
0.846506741438 
0.889358452354 
0.919301643525 
0.626634588862 
0.101369459445 
0.699598337527 
0.560575241705 
0.501455530783 
0.900632420735 
