0.2 
0.382093538739 
0.211836719249 
0.178033448843 
0.47256252834 
0.286381054899 
0.121055602438 
0.222746141062 
0.332465628305 
0.0972637266471 
0.482804140135 
0.392247619371 
0.424391050176 
0.0562594973491 
0.42134990037 
0.464818877059 
0.174287694305 
0.340559204636 
0.341493938113 
0.333757168458 
0.211475762771 
0.285437332258 
0.0974777822065 
0.356085657221 
0.213662937637 
0.175897897601 
0.145419792093 
0.447182705978 
0.44608741657 
0.130072321922 
0.326113446971 
0.0704703078852 
0.273304965417 
0.150382124877 
0.289310981703 
0.47319252378 
0.399725687264 
0.367122017287 
0.131521144388 
0.460229087818 
0.343903116264 
0.439166434326 
0.300309674016 
0.234674454592 
0.206557527456 
0.20237673928 
0.421836580806 
0.340064822674 
0.264320723824 
0.411206768527 
0.22713391782 
0.107147290987 
0.192197579465 
0.400173776769 
0.392489035966 
0.177932934949 
0.271664223806 
0.137752337497 
0.337582309657 
0.216404676463 
0.466004599536 
0.303463852782 
0.30781501547 
0.148891773509 
0.183388157202 
0.217075153901 
0.0825817812122 
0.461316021491 
0.459621308668 
0.322256880009 
0.351804305746 
0.195000158521 
0.243219710751 
0.340208213975 
0.124586985221 
0.0515152194494 
0.438083884323 
0.1153335288 
0.195800652898 
0.400653715172 
0.0900509554858 
0.495405516184 
0.207419640688 
0.258816527199 
0.0754942198881 
0.371960214994 
0.484296053096 
0.0790251068334 
0.38101293256 
0.474689839887 
0.199171562167 
0.459815653125 
0.392074083982 
0.203502379346 
0.17032805132 
0.159240470708 
0.426992610163 
0.0948920416575 
0.306719547713 
0.491254917648 
0.268411701997 
