12 
10.4006257933 
12.5589050465 
13.62612259 
10.2949977198 
12.6529558286 
12.5008060985 
11.7852632174 
13.6200994526 
12.9829563844 
13.6045344222 
10.4408119003 
13.5207821742 
12.4862828791 
10.6337200204 
12.4433995438 
10.3762209262 
11.8619727348 
12.8611186463 
11.433173766 
10.0501615422 
10.4198130994 
13.5651377102 
10.3094055375 
10.7467780061 
12.1333252068 
13.3106588941 
12.6411722929 
10.4964324331 
11.1395722895 
12.5265613466 
12.1049848847 
11.240585756 
12.1485332393 
12.3297550971 
10.5173276725 
13.0107332898 
13.1647729064 
11.1446733259 
13.5653886039 
10.9742622485 
12.2178003445 
13.1785149806 
11.0336770329 
12.454483753 
10.1882663326 
10.2848002146 
10.6972881516 
12.9940882375 
10.6638250158 
10.6327280743 
