0.2 
0.21171045891 
0.160824181443 
0.206204954817 
0.197452545484 
0.240082183179 
0.190803498891 
0.167946417575 
0.182752525402 
0.16840715307 
0.235756578174 
0.240432227186 
0.182582820858 
0.160922496432 
0.217535545715 
0.232256177176 
0.224096538328 
0.198988465583 
0.191146360523 
0.232613717254 
0.204473768769 
0.241063022448 
0.228143753458 
0.202422076685 
0.214935935579 
0.191108814688 
0.150938585577 
0.193250125034 
0.246066483761 
0.237272039815 
0.170589666968 
0.24949460774 
0.163923872908 
0.207102532211 
0.192495609679 
0.205919995944 
0.165211564075 
0.191679167894 
0.214218573337 
0.164258441847 
0.207199599419 
0.175723003542 
0.17431266403 
0.180496032736 
0.154183866868 
0.20708007216 
0.24155218169 
0.18625217651 
0.238082649723 
0.211201620495 
0.215243456625 
