0.2 
0.862510049977 
0.591742076766 
0.54963093358 
0.942904713137 
0.947804891958 
0.460622025023 
1.27861456639 
0.340149807755 
0.61522613863 
0.752438428424 
0.48978053582 
0.222556957461 
0.325475947668 
0.874836374667 
1.03698136682 
1.07730064428 
1.14733089573 
0.226167577932 
0.523725967786 
1.08438597278 
0.719127124152 
0.574736288717 
0.342428260015 
0.431666712939 
0.368368822649 
0.922726640161 
0.956427824101 
0.951231409528 
1.2480822411 
0.50155900771 
1.1497696945 
0.570023328057 
0.295036046099 
0.218471513358 
0.38165530989 
0.339909182219 
0.286865300894 
1.19600013611 
1.2873578276 
0.283437932599 
1.16062150047 
0.438431858922 
0.296298599222 
0.3980984048 
1.11463688379 
0.6431154735 
0.387504683294 
0.672656259986 
0.608251833525 
0.639617043468 
0.969186158549 
1.05645106981 
0.522370473329 
1.10411288856 
0.56809646142 
0.24880328859 
1.18951185329 
1.18133615118 
0.605684002318 
0.294549083748 
0.70613337611 
0.510089908345 
0.980950695295 
1.1218280377 
1.11248028339 
0.38619516461 
0.253444704549 
0.237949293012 
0.696646729252 
0.873497141937 
0.354602113539 
0.948444158258 
0.471480549517 
0.822818403011 
1.15291043514 
0.667501043247 
0.34995091882 
0.816501356301 
0.156007208382 
0.889042348218 
0.684356230516 
0.439058966375 
0.69646952619 
0.89613172917 
0.978738354814 
0.546511091183 
0.342037293768 
0.642402088026 
0.138190181019 
0.190040612111 
0.531593021158 
1.2095525619 
0.590532746162 
0.399079709918 
0.312702025989 
1.06438756943 
0.190304467997 
0.646389620772 
0.264288869006 
0.187739065956 
0.222026715502 
0.213303100012 
0.172877255649 
0.175254569034 
0.210606868204 
0.208652512529 
0.241103068373 
0.157719023351 
0.183530153425 
0.164903056581 
0.234051891677 
0.152348295566 
0.246049800423 
0.199458930672 
0.226942212121 
0.233858965612 
0.222102343188 
0.172496689471 
0.204112072322 
0.195728444473 
0.204875224179 
0.175554150394 
0.187218485055 
0.192826221783 
0.177480598211 
0.233073153073 
0.248416647544 
0.18821500032 
0.221754103195 
0.162581002149 
0.171738024659 
0.204055126312 
0.198990756404 
0.237851831707 
0.208332333308 
0.22490325649 
0.187243015772 
0.172248064092 
0.160447069586 
0.164450358472 
0.190311472294 
0.229686756958 
0.170724615841 
0.178045863403 
0.171524889071 
0.189463129811 
0.236393864172 
0.196332055277 
0.2188710742 
0.214914944256 
