150.242974558679151	-44.956271875107348	20.000000000000000
<search_likelihood_all>-125.264418945390616	-202.231162972550294	-44.956271875107348	-372.451853793048258
<search_likelihood>-28064.174204275706870</search_likelihood>
150.344413109199252	-45.000241795036303	20.000000000000000
<search_likelihood_all>-115.187560834605947	-183.989861255662532	-45.000241795036303	-344.177663885304753
<search_likelihood>-25538.099699962400337</search_likelihood>
151.220234288327049	-45.380067085203834	20.000000000000000
<search_likelihood_all>-99.932225881422298	-174.743332894368308	-45.380067085203834	-320.055625860994439
<search_likelihood>-24247.840968051907112</search_likelihood>
148.410201869328091	-44.162622928998061	20.000000000000000
<search_likelihood_all>-95.507920903854512	-174.485350156957026	-44.162622928998061	-314.155893989809613
<search_likelihood>-24206.615393068303092</search_likelihood>
151.416107999410542	-45.465059445252848	20.000000000000000
<search_likelihood_all>-94.512820560803021	-173.715926552432137	-45.465059445252848	-313.693806558488006
<search_likelihood>-24100.795335513936152</search_likelihood>
151.061511527589687	-45.311207349576961	20.000000000000000
<search_likelihood_all>-98.491142499207555	-173.971650302096066	-45.311207349576961	-317.774000150880624
<search_likelihood>-24139.892046689616109</search_likelihood>
150.453311794822810	-45.047450478669816	20.000000000000000
<search_likelihood_all>-99.327064877559422	-166.533555657027364	-45.047450478669816	-310.908071013256631
<search_likelihood>-23114.520123222067923</search_likelihood>
150.521714895632243	-45.077106595339430	20.000000000000000
<search_likelihood_all>-94.832697768817710	-165.522275813297625	-45.077106595339430	-305.432080177454793
<search_likelihood>-22970.568537232793460</search_likelihood>
151.570253859552906	-45.531957272227260	20.000000000000000
<search_likelihood_all>-103.058617165447686	-166.925786993540441	-45.531957272227260	-315.516361431215387
<search_likelihood>-23172.837056305317674</search_likelihood>
150.220194710366201	-44.946398266472130	20.000000000000000
<search_likelihood_all>-103.636996574156925	-163.309743502265718	-44.946398266472130	-311.893138342894758
<search_likelihood>-22674.065257222104265</search_likelihood>
152.556157321960541	-45.960073666558358	20.000000000000000
<search_likelihood_all>-107.822764369880801	-162.859296548427267	-45.960073666558358	-316.642134584866426
<search_likelihood>-22617.134086095371458</search_likelihood>
152.062936342888150	-45.745846006617697	20.000000000000000
<search_likelihood_all>-112.233392302553199	-163.687011519532348	-45.745846006617697	-321.666249828703201
<search_likelihood>-22735.498068589495233</search_likelihood>
150.589007953025430	-45.106283468629741	20.000000000000000
<search_likelihood_all>-113.843103908241133	-165.136564604726885	-45.106283468629741	-324.085951981597759
<search_likelihood>-22936.406574235752487</search_likelihood>
151.126046870851013	-45.339203810004591	20.000000000000000
<search_likelihood_all>-103.107200888008492	-166.690228153469576	-45.339203810004591	-315.136632851482659
<search_likelihood>-23140.202012073121296</search_likelihood>
152.751439966461334	-46.044922469207762	20.000000000000000
<search_likelihood_all>-104.224378016068684	-164.294256106060089	-46.044922469207762	-314.563556591336578
<search_likelihood>-22811.546004769425053</search_likelihood>
150.776023105452481	-45.187379838687306	20.000000000000000
<search_likelihood_all>-107.103564868886437	-164.446767409794887	-45.187379838687306	-316.737712117368631
<search_likelihood>-22834.603690886175173</search_likelihood>
151.906672705659474	-45.677995719205327	20.000000000000000
<search_likelihood_all>-113.959637945575508	-156.594643132881231	-45.677995719205327	-316.232276797662053
<search_likelihood>-21758.898755441499816</search_likelihood>
154.244467374617699	-46.694168480543638	20.000000000000000
<search_likelihood_all>-114.266193006276239	-156.733276558185878	-46.694168480543638	-317.693638045005741
<search_likelihood>-21779.343335029694572</search_likelihood>
150.839014427589376	-45.214698564575869	20.000000000000000
<search_likelihood_all>-113.970272182750662	-155.562604848947672	-45.214698564575869	-314.747575596274203
<search_likelihood>-21616.095984395276901</search_likelihood>
150.953069530051408	-45.264167593635165	20.000000000000000
<search_likelihood_all>-116.003205070631040	-158.842422031936053	-45.264167593635165	-320.109794696202243
<search_likelihood>-22070.566963276134629</search_likelihood>
153.181575606092252	-46.231870674521730	20.000000000000000
<search_likelihood_all>-114.615391084548335	-155.153562149706175	-46.231870674521730	-316.000823908776283
<search_likelihood>-21561.338592753025296</search_likelihood>
151.431088803960932	-45.471560516623171	20.000000000000000
<search_likelihood_all>-115.525510343393805	-155.562604848947672	-45.471560516623171	-316.559675708964676
<search_likelihood>-21617.908084507973399</search_likelihood>
153.346693323534424	-46.303656123404352	20.000000000000000
<search_likelihood_all>-100.368260508566991	-154.814321379251993	-46.303656123404352	-301.486238011223350
<search_likelihood>-21500.371417218451825</search_likelihood>
154.970086024304862	-47.010044698671891	20.000000000000000
<search_likelihood_all>-105.842894818598822	-155.289672171404590	-47.010044698671891	-308.142611688675288
<search_likelihood>-21572.118066607556102</search_likelihood>
150.393401558157422	-45.021478135271877	20.000000000000000
<search_likelihood_all>-112.211392038548013	-153.405450167840712	-45.021478135271877	-310.638320341660574
<search_likelihood>-21316.605307117366465</search_likelihood>
153.794759655270326	-46.498512722889245	20.000000000000000
<search_likelihood_all>-99.118998748821070	-154.476550458676712	-46.498512722889245	-300.094061930387056
<search_likelihood>-21452.727919565051707</search_likelihood>
153.244930156539112	-46.259412892877805	20.000000000000000
<search_likelihood_all>-100.399355577735221	-153.272598689737720	-46.259412892877805	-299.931367160350760
<search_likelihood>-21287.706863606850675</search_likelihood>
153.156999989077491	-46.221187340215465	20.000000000000000
<search_likelihood_all>-99.199794025237907	-151.306890677048330	-46.221187340215465	-296.727872042501701
<search_likelihood>-21015.336936820393021</search_likelihood>
152.958062798460816	-46.134716290131550	20.000000000000000
<search_likelihood_all>-99.921957286694692	-157.150643328035329	-46.134716290131550	-303.207316904861614
<search_likelihood>-21822.007477443767129</search_likelihood>
150.202704088982841	-44.938817355796104	20.000000000000000
<search_likelihood_all>-109.567934344752601	-157.780849087757019	-44.938817355796104	-312.287600788305724
<search_likelihood>-21917.382487942893931</search_likelihood>
150.987971463328762	-45.279306722617193	20.000000000000000
<search_likelihood_all>-110.932185122409223	-158.557951124849211	-45.279306722617193	-314.769442969875627
<search_likelihood>-22026.273715962153801</search_likelihood>
153.804476545519606	-46.502739379042467	20.000000000000000
<search_likelihood_all>-125.059378870259451	-158.133137308189589	-46.502739379042467	-329.695255557491521
<search_likelihood>-21983.029333172005863</search_likelihood>
153.473136360029372	-46.358635472703128	20.000000000000000
<search_likelihood_all>-121.657420738757878	-152.677583183814022	-46.358635472703128	-320.693639395275000
<search_likelihood>-21226.993047082360135</search_likelihood>
151.038503819807886	-45.301226680502836	20.000000000000000
<search_likelihood_all>-109.264099653940576	-146.544104035314973	-45.301226680502836	-301.109430369758400
<search_likelihood>-20367.545193274436315</search_likelihood>
152.461018662787524	-45.918742586470501	20.000000000000000
<search_likelihood_all>-122.570223678391343	-151.113069370697787	-45.918742586470501	-319.602035635559616
<search_likelihood>-21011.670948430069984</search_likelihood>
153.375183502399693	-46.316043492139514	20.000000000000000
<search_likelihood_all>-110.928023548171950	-150.278841496498615	-46.316043492139514	-307.522908536810064
<search_likelihood>-20885.360135522878409</search_likelihood>
149.897009758056470	-44.806343047923505	20.000000000000000
<search_likelihood_all>-117.059149791882291	-150.470543125626648	-44.806343047923505	-312.336035965432472
<search_likelihood>-20916.423165340031119</search_likelihood>
150.719829298489060	-45.163010602247510	20.000000000000000
<search_likelihood_all>-113.352585413844693	-148.699984971727844	-45.163010602247510	-307.215580987820090
<search_likelihood>-20668.858350737173168</search_likelihood>
152.987060239727157	-46.147319413210155	20.000000000000000
<search_likelihood_all>-122.878227944043203	-149.580064239658640	-46.147319413210155	-318.605611596911956
<search_likelihood>-20800.758545930853870</search_likelihood>
150.146701805997026	-44.914545356597841	20.000000000000000
<search_likelihood_all>-113.893557521742053	-152.875411419562909	-44.914545356597841	-311.683514297902775
<search_likelihood>-21245.071746955982235</search_likelihood>
150.609137713795235	-45.115011703282292	20.000000000000000
<search_likelihood_all>-113.767186543524588	-145.459341947777972	-45.115011703282292	-304.341540194584866
<search_likelihood>-20222.239708285145753</search_likelihood>
149.136712935094181	-44.477044985653848	20.000000000000000
<search_likelihood_all>-116.197649180817194	-147.031389784966450	-44.477044985653848	-307.706083951437449
<search_likelihood>-20440.866388644601102</search_likelihood>
151.169270185744750	-45.357955792640141	20.000000000000000
<search_likelihood_all>-111.679742932095081	-149.013116665864828	-45.357955792640141	-306.050815390600064
<search_likelihood>-20710.571031947467418</search_likelihood>
151.100548422452675	-45.328141958714085	20.000000000000000
<search_likelihood_all>-113.556448791889736	-145.519188342199072	-45.328141958714085	-304.403779092802893
<search_likelihood>-20230.496775881510985</search_likelihood>
149.571326071005871	-44.665252005834304	20.000000000000000
<search_likelihood_all>-107.141727800298426	-146.483418552992049	-44.665252005834304	-298.290398359124765
<search_likelihood>-20356.416435391241976</search_likelihood>
150.778967817509539	-45.188656892887252	20.000000000000000
<search_likelihood_all>-121.023644050794857	-149.075900120125056	-45.188656892887252	-315.288201063807151
<search_likelihood>-20728.405420960927586</search_likelihood>
151.297856154775303	-45.413746300980051	20.000000000000000
<search_likelihood_all>-108.764841103335399	-144.272585937941273	-45.413746300980051	-298.451173342256709
<search_likelihood>-20053.845613327248429</search_likelihood>
150.379855074899751	-45.015605670754582	20.000000000000000
<search_likelihood_all>-108.332303418385735	-143.861746826258155	-45.015605670754582	-297.209655915398457
<search_likelihood>-19996.347471331642737</search_likelihood>
153.223268011356907	-46.249995483782470	20.000000000000000
<search_likelihood_all>-137.605166431964932	-152.743469427558949	-46.249995483782470	-336.598631343306351
<search_likelihood>-21251.919910544565937</search_likelihood>
151.427496538220907	-45.470001607719325	20.000000000000000
<search_likelihood_all>-116.184242941836530	-146.241174473252102	-45.470001607719325	-307.895419022807971
<search_likelihood>-20332.850723618808843</search_likelihood>
152.052822997448601	-45.741454432310789	20.000000000000000
<search_likelihood_all>-146.846018845620875	-151.891327150336821	-45.741454432310789	-344.478800428268471
<search_likelihood>-21143.115356083006191</search_likelihood>
153.246137997217772	-46.259937995867844	20.000000000000000
<search_likelihood_all>-138.584976443181034	-147.645037231835772	-46.259937995867844	-332.489951670884693
<search_likelihood>-20549.677636071566667</search_likelihood>
152.879686928877391	-46.100653678905616	20.000000000000000
<search_likelihood_all>-140.339439123385006	-146.120350283965337	-46.100653678905616	-332.560443086255987
<search_likelihood>-20340.971166452680336</search_likelihood>
154.424343919857648	-46.772451765097443	20.000000000000000
<search_likelihood_all>-159.546156588219446	-146.726460177945739	-46.772451765097443	-353.045068531262643
<search_likelihood>-20444.451046690657677</search_likelihood>
151.829563508657600	-45.644518499657892	20.000000000000000
<search_likelihood_all>-160.142886433406233	-142.528037381641070	-45.644518499657892	-348.315442314705251
<search_likelihood>-19864.827043780107488</search_likelihood>
153.830152463267723	-46.513908090349005	20.000000000000000
<search_likelihood_all>-140.942787888676321	-140.824838205133005	-46.513908090349005	-328.281534184158318
<search_likelihood>-19611.572310480132728</search_likelihood>
152.114408964965207	-45.768197935264681	20.000000000000000
<search_likelihood_all>-165.686833566011359	-140.433217312795136	-45.768197935264681	-351.888248814071176
<search_likelihood>-19581.553971197154169</search_likelihood>
151.480684411390854	-45.493083729367527	20.000000000000000
<search_likelihood_all>-169.657911860684550	-143.162824803482806	-45.493083729367527	-358.313820393534911
<search_likelihood>-19961.747520208373317</search_likelihood>
153.286047059712587	-46.277288620271804	20.000000000000000
<search_likelihood_all>-167.186670917411817	-138.074134327006107	-46.277288620271804	-351.538093864689756
<search_likelihood>-19258.172142573006568</search_likelihood>
150.481046218033384	-45.059474469482879	20.000000000000000
<search_likelihood_all>-165.673940841465281	-138.997340963385312	-45.059474469482879	-349.730756274333487
<search_likelihood>-19382.780444743402768</search_likelihood>
150.866087588206227	-45.226440467863014	20.000000000000000
<search_likelihood_all>-161.264285701821592	-135.376036535932911	-45.226440467863014	-341.866762705617532
<search_likelihood>-18879.047489746637439</search_likelihood>
150.512581817528655	-45.073146836193189	20.000000000000000
<search_likelihood_all>-172.681206970954008	-138.507065481273344	-45.073146836193189	-356.261419288420541
<search_likelihood>-19322.177178810365149</search_likelihood>
152.720054060678791	-46.031284431849144	20.000000000000000
<search_likelihood_all>-177.351069187783565	-139.216347276248683	-46.031284431849144	-362.598700895881393
<search_likelihood>-19425.637150343587564</search_likelihood>
153.284044385289405	-46.276417933406037	20.000000000000000
<search_likelihood_all>-179.781953094403605	-136.685449938837138	-46.276417933406037	-362.743820966646808
<search_likelihood>-19079.223879832930834</search_likelihood>
151.672075566811230	-45.576152591697479	20.000000000000000
<search_likelihood_all>-180.621519689052121	-137.269577130600510	-45.576152591697479	-363.467249411350053
<search_likelihood>-19159.932448915300483</search_likelihood>
153.029608085558493	-46.165812582623843	20.000000000000000
<search_likelihood_all>-183.571106156692963	-133.382266205139473	-46.165812582623843	-363.119184944456265
<search_likelihood>-18627.290878068899474</search_likelihood>
152.281967929917869	-45.840968155174494	20.000000000000000
<search_likelihood_all>-181.879320537613808	-134.142176462455893	-45.840968155174494	-361.862465155244195
<search_likelihood>-18730.089455928082316</search_likelihood>
152.800664642303332	-46.066312791929036	20.000000000000000
<search_likelihood_all>-170.546615115851239	-128.666851449746844	-46.066312791929036	-345.279779357527104
<search_likelihood>-17963.764852010790491</search_likelihood>
155.105449651763337	-47.068995502019277	20.000000000000000
<search_likelihood_all>-185.486195361745189	-118.704044338197306	-47.068995502019277	-351.259235201961758
<search_likelihood>-16605.526823718566447</search_likelihood>
156.122025768641350	-47.511956440427284	20.000000000000000
<search_likelihood_all>-138.950177294379841	-121.403283880057359	-47.511956440427284	-307.865417614864498
<search_likelihood>-16931.742668915132526</search_likelihood>
156.332325490879981	-47.603645150940338	20.000000000000000
<search_likelihood_all>-151.132682925595617	-115.663067972696140	-47.603645150940338	-314.399396049232109
<search_likelihood>-16152.262945000142281</search_likelihood>
154.739678910012714	-46.909720049644690	20.000000000000000
<search_likelihood_all>-138.468174177499805	-111.839935413605801	-46.909720049644690	-297.217829640750324
<search_likelihood>-15611.575882310704401</search_likelihood>
155.976228225680387	-47.448400723686831	20.000000000000000
<search_likelihood_all>-150.120869036001693	-115.777180557297314	-47.448400723686831	-313.346450316985852
<search_likelihood>-16166.835553524833813</search_likelihood>
158.437828386688267	-48.522614264474512	20.000000000000000
<search_likelihood_all>-152.071639242655351	-108.158294752025199	-48.522614264474512	-308.752548259155049
<search_likelihood>-15118.979736545086780</search_likelihood>
154.572590164662017	-46.836979565357169	20.000000000000000
<search_likelihood_all>-30.863752220123466	-48.387353955536945	-46.836979565357169	-126.088085741017579
<search_likelihood>-6751.818518756092999</search_likelihood>
157.497787058266709	-48.112102187240495	20.000000000000000
<search_likelihood_all>-137.068765332198382	-96.439826159202582	-48.112102187240495	-281.620693678641487
<search_likelihood>-13487.225854995656846</search_likelihood>
157.158754406632880	-47.964135248654145	20.000000000000000
<search_likelihood_all>-118.104172398370821	-77.671116358922845	-47.964135248654145	-243.739424005947797
<search_likelihood>-10879.325736463968497</search_likelihood>
157.047950223396839	-47.915786105696753	20.000000000000000
<search_likelihood_all>-32.326334936545877	-50.982714674628397	-47.915786105696753	-131.224835716871041
<search_likelihood>-7112.340696853055306</search_likelihood>
155.167342895588035	-47.095952522127504	20.000000000000000
<search_likelihood_all>-28.838208739542974	-52.033576427454378	-47.095952522127504	-127.967737689124860
<search_likelihood>-7252.979185738136039</search_likelihood>
160.933227669545374	-49.614041130448982	20.000000000000000
<search_likelihood_all>-106.550327887839103	-78.251041455744058	-49.614041130448982	-234.415410474032143
<search_likelihood>-10949.411466362294959</search_likelihood>
160.057508306113590	-49.230745112910128	20.000000000000000
<search_likelihood_all>-108.352107334642156	-81.280418941697747	-49.230745112910128	-238.863271389250031
<search_likelihood>-11368.675120267931561</search_likelihood>
157.322981565823483	-48.035804522247915	20.000000000000000
<search_likelihood_all>-93.634469427111455	-80.619072384686859	-48.035804522247915	-222.289346334046229
<search_likelihood>-11261.542327009614382</search_likelihood>
158.229953948884315	-48.431805913064508	20.000000000000000
<search_likelihood_all>-100.090914363267217	-79.673797339429029	-48.431805913064508	-228.196517615760740
<search_likelihood>-11138.012008473437163</search_likelihood>
158.036783979239260	-48.347436565898434	20.000000000000000
<search_likelihood_all>-100.262754470121152	-79.490952606066060	-48.347436565898434	-228.101143642085617
<search_likelihood>-11112.879516010647421</search_likelihood>
159.051246797795983	-48.790681562488928	20.000000000000000
<search_likelihood_all>-97.786103385877155	-77.566562588874660	-48.790681562488928	-224.143347537240743
<search_likelihood>-10845.413004103489584</search_likelihood>
157.224172620209998	-47.992682665420915	20.000000000000000
<search_likelihood_all>-77.046293758113762	-78.624442235450360	-47.992682665420915	-203.663418658985023
<search_likelihood>-10969.789629589102333</search_likelihood>
157.947622130107021	-48.308499074981228	20.000000000000000
<search_likelihood_all>-84.249240771852868	-76.893502082925224	-48.308499074981228	-209.451241929759306
<search_likelihood>-10738.558027146864333</search_likelihood>
158.269968522185337	-48.449284632048901	20.000000000000000
<search_likelihood_all>-81.077060515993679	-74.277683642573422	-48.449284632048901	-203.804028790615973
<search_likelihood>-10374.724088951272279</search_likelihood>
156.425103037108556	-47.644101048254569	20.000000000000000
<search_likelihood_all>-97.591683031234453	-73.500715662604563	-47.644101048254569	-218.736499742093599
<search_likelihood>-10283.265530645634499</search_likelihood>
160.120556785748533	-49.258331014201389	20.000000000000000
<search_likelihood_all>-94.961252885763315	-69.595572857585438	-49.258331014201389	-213.815156757550142
<search_likelihood>-9743.608943566921880</search_likelihood>
160.250293592830985	-49.315100253038892	20.000000000000000
<search_likelihood_all>-97.606714346686317	-72.646870019823055	-49.315100253038892	-219.568684619548264
<search_likelihood>-10167.179748368422224</search_likelihood>
158.158005448711577	-48.400379781784551	20.000000000000000
<search_likelihood_all>-26.605260285203716	-51.545799571489944	-48.400379781784551	-126.551439638478215
<search_likelihood>-7184.771098203533256</search_likelihood>
160.643668255293676	-49.487270148214634	20.000000000000000
<search_likelihood_all>-78.248296406768446	-65.630187129086679	-49.487270148214634	-193.365753684069773
<search_likelihood>-9180.175170566937595</search_likelihood>
158.768917444281556	-48.667283500915033	20.000000000000000
<search_likelihood_all>-81.885581451063373	-67.132654554281160	-48.667283500915033	-197.685519506259567
<search_likelihood>-9390.229355197654513</search_likelihood>
161.011007723102807	-49.648099261109053	20.000000000000000
<search_likelihood_all>-86.189553870045444	-67.066573373772798	-49.648099261109053	-202.904226504927294
<search_likelihood>-9386.399497789469024</search_likelihood>
156.499191895865636	-47.676410219850894	20.000000000000000
<search_likelihood_all>-63.264004126548031	-66.425346112796149	-47.676410219850894	-177.365760459195087
<search_likelihood>-9273.057119559658531</search_likelihood>
159.537740567267349	-49.003387897054793	20.000000000000000
<search_likelihood_all>-58.527036867047059	-62.409549875030528	-49.003387897054793	-169.939974639132402
<search_likelihood>-8715.744200630380874</search_likelihood>
160.116207396243027	-49.256427955312617	20.000000000000000
<search_likelihood_all>-83.817022207161600	-67.585254064197898	-49.256427955312617	-200.658704226672114
<search_likelihood>-9455.177459017357251</search_likelihood>
158.029124365849498	-48.344091443770225	20.000000000000000
<search_likelihood_all>-27.022293271859457	-51.529104527481600	-48.344091443770225	-126.895489243111285
<search_likelihood>-7182.829078161367761</search_likelihood>
157.767872292605603	-48.230010981400568	20.000000000000000
<search_likelihood_all>-77.444457676624793	-71.068125884726442	-48.230010981400568	-196.742594542751789
<search_likelihood>-9928.174590689259276</search_likelihood>
158.206930286380327	-48.421749263789806	20.000000000000000
<search_likelihood_all>-78.615679642271786	-70.238053963558770	-48.421749263789806	-197.275482869620362
<search_likelihood>-9815.044872155545818</search_likelihood>
160.493396794650636	-49.421493130291367	20.000000000000000
<search_likelihood_all>-83.914499602866144	-66.451294731674906	-49.421493130291367	-199.787287464832417
<search_likelihood>-9299.031817791765206</search_likelihood>
158.192024621354165	-48.415238638247132	20.000000000000000
<search_likelihood_all>-25.139705132081463	-51.296231770626335	-48.415238638247132	-124.851175540954927
<search_likelihood>-7148.897256960168306</search_likelihood>
159.750220048215567	-49.096318052544547	20.000000000000000
<search_likelihood_all>-37.951787421643644	-57.122654614554079	-49.096318052544547	-144.170760088742270
<search_likelihood>-7966.034948860957229</search_likelihood>
156.897257058162779	-47.850039489781693	20.000000000000000
<search_likelihood_all>-23.740879254278678	-51.654518321864359	-47.850039489781693	-123.245437065924733
<search_likelihood>-7196.352066587419358</search_likelihood>
158.410914593829602	-48.510856209749278	20.000000000000000
<search_likelihood_all>-21.275546768371413	-50.227271075752974	-48.510856209749278	-120.013674053873672
<search_likelihood>-6997.685861702668262</search_likelihood>
154.474864782147790	-46.794441170528145	20.000000000000000
<search_likelihood_all>-23.394003248837571	-50.444899841221037	-46.794441170528145	-120.633344260586753
<search_likelihood>-7028.105663898129023</search_likelihood>
157.821120363451968	-48.253260496635107	20.000000000000000
<search_likelihood_all>-31.688566546494211	-55.138766372837864	-48.253260496635107	-135.080593415967201
<search_likelihood>-7685.288912951799830</search_likelihood>
157.007270029979168	-47.898036648532937	20.000000000000000
<search_likelihood_all>-21.696585532037524	-51.015581393659517	-47.898036648532937	-120.610203574229971
<search_likelihood>-7106.226538547400196</search_likelihood>
157.501179776190384	-48.113583134833988	20.000000000000000
<search_likelihood_all>-20.782548443106538	-51.238261830003580	-48.113583134833988	-120.134393407944103
<search_likelihood>-7136.242590888778977</search_likelihood>
158.166489064360320	-48.404085202715208	20.000000000000000
<search_likelihood_all>-19.456655329508060	-51.040252151298489	-48.404085202715208	-118.900992683521764
<search_likelihood>-7107.895520021669654</search_likelihood>
157.421483381258724	-48.078796268669862	20.000000000000000
<search_likelihood_all>-24.692680090464744	-49.229100134119747	-48.078796268669862	-122.000576493254357
<search_likelihood>-6862.992184513582288</search_likelihood>
157.778680559314836	-48.234730064222020	20.000000000000000
<search_likelihood_all>-20.153884652468665	-50.026965971672425	-48.234730064222020	-118.415580688363107
<search_likelihood>-6968.659783223232807</search_likelihood>
158.493636756772560	-48.546996655261495	20.000000000000000
<search_likelihood_all>-21.090060016315423	-52.322833367566759	-48.546996655261495	-121.959890039143673
<search_likelihood>-7286.579590129061216</search_likelihood>
157.488820954283767	-48.108188435895940	20.000000000000000
<search_likelihood_all>-21.757768441807205	-52.228977294319598	-48.108188435895940	-122.094934172022747
<search_likelihood>-7273.862825059715760</search_likelihood>
160.087152142457029	-49.243715128483402	20.000000000000000
<search_likelihood_all>-20.675202388971286	-51.404152836662057	-49.243715128483402	-121.323070354116751
<search_likelihood>-7160.146894988082749</search_likelihood>
158.548084855940175	-48.570785945569710	20.000000000000000
<search_likelihood_all>-19.265831346220313	-53.153320880622914	-48.570785945569710	-120.989938172412934
<search_likelihood>-7399.329152550122672</search_likelihood>
157.450716233711177	-48.091555887431213	20.000000000000000
<search_likelihood_all>-21.708287784620282	-51.370909869812117	-48.091555887431213	-121.170753541863604
<search_likelihood>-7155.442584335791253</search_likelihood>
158.872329971033309	-48.712478485844130	20.000000000000000
<search_likelihood_all>-18.705859379786617	-53.039640795875677	-48.712478485844130	-120.457978661506431
<search_likelihood>-7383.230861434689359</search_likelihood>
158.314547479382611	-48.468757866943974	20.000000000000000
<search_likelihood_all>-20.210882085342224	-53.328975911172250	-48.468757866943974	-122.008615863458445
<search_likelihood>-7424.400455286388933</search_likelihood>
157.844201794464936	-48.263338813237823	20.000000000000000
<search_likelihood_all>-20.582068200039586	-51.287944308544667	-48.263338813237823	-120.133351321822076
<search_likelihood>-7143.044621984955484</search_likelihood>
159.489681385456436	-48.982371162027391	20.000000000000000
<search_likelihood_all>-53.386429061131423	-64.237663173936795	-48.982371162027391	-166.606463397095609
<search_likelihood>-8962.736134559267157</search_likelihood>
159.369934791699308	-48.930008794304555	20.000000000000000
<search_likelihood_all>-24.451730782417748	-51.023803004219594	-48.930008794304555	-124.405542580941898
<search_likelihood>-7111.147671193218230</search_likelihood>
160.291917676275261	-49.333315190091824	20.000000000000000
<search_likelihood_all>-25.722227877412394	-55.297272063593006	-49.333315190091824	-130.352815131097202
<search_likelihood>-7702.265482873435758</search_likelihood>
161.066449138079548	-49.672377230563868	20.000000000000000
<search_likelihood_all>-40.496460149916771	-56.332086975922238	-49.672377230563868	-146.500924356402891
<search_likelihood>-7860.111868542168850</search_likelihood>
157.864539576210092	-48.272219315218479	20.000000000000000
<search_likelihood_all>-22.427554899973984	-50.876114927983750	-48.272219315218479	-121.575889143176212
<search_likelihood>-7088.094936695709293</search_likelihood>
157.529154847507613	-48.125794646515473	20.000000000000000
<search_likelihood_all>-19.849348849239519	-51.312812748424079	-48.125794646515473	-119.287956244179071
<search_likelihood>-7145.604488105972450</search_likelihood>
158.722225522019130	-48.646878845305793	20.000000000000000
<search_likelihood_all>-18.831368463228166	-51.147364869879439	-48.646878845305793	-118.625612178413405
<search_likelihood>-7122.287194878112132</search_likelihood>
156.815913543169614	-47.814553585123889	20.000000000000000
<search_likelihood_all>-19.068540157344891	-51.032026589670764	-47.814553585123889	-117.915120332139537
<search_likelihood>-7105.783313007400466</search_likelihood>
157.949678936190764	-48.309397258101839	20.000000000000000
<search_likelihood_all>-17.943076057297514	-51.721596147202995	-48.309397258101839	-117.974069462602344
<search_likelihood>-7200.265734998571133</search_likelihood>
156.825462035707659	-47.818718951743449	20.000000000000000
<search_likelihood_all>-19.089998043279859	-51.587573191184610	-47.818718951743449	-118.496290186207915
<search_likelihood>-7182.436053710142005</search_likelihood>
158.269148833202308	-48.448926578248532	20.000000000000000
<search_likelihood_all>-18.530912510360288	-52.770113586269382	-48.448926578248532	-119.749952674878202
<search_likelihood>-7345.616195815419815</search_likelihood>
158.093474268161913	-48.372195195747423	20.000000000000000
<search_likelihood_all>-18.190947120934872	-51.114371346123534	-48.372195195747423	-117.677513662805836
<search_likelihood>-7116.821259023376115</search_likelihood>
157.088836663867227	-47.933626228019961	20.000000000000000
<search_likelihood_all>-18.779309521115266	-52.908952138837684	-47.933626228019961	-119.621887887972917
<search_likelihood>-7364.499437657781527</search_likelihood>
155.221402594582685	-47.119499017261845	20.000000000000000
<search_likelihood_all>-17.875607719378827	-51.696426370067428	-47.119499017261845	-116.691533106708093
<search_likelihood>-7195.536675021801784</search_likelihood>
157.787895906418328	-48.238753686876535	20.000000000000000
<search_likelihood_all>-17.282691136424909	-51.814046052850024	-48.238753686876535	-117.335490876151468
<search_likelihood>-7212.286417630200049</search_likelihood>
159.177470170622314	-48.845860377183399	20.000000000000000
<search_likelihood_all>-18.435975429794500	-52.075958358943396	-48.845860377183399	-119.357794165921291
<search_likelihood>-7250.172643937101384</search_likelihood>
160.302680423046155	-49.338025139389742	20.000000000000000
<search_likelihood_all>-17.696067943183234	-52.494157084826767	-49.338025139389742	-119.528250167399747
<search_likelihood>-7307.607484093161474</search_likelihood>
157.176630818853482	-47.971936044655351	20.000000000000000
<search_likelihood_all>-19.046242008555321	-52.322833367566759	-47.971936044655351	-119.341011420777434
<search_likelihood>-7283.960711510693727</search_likelihood>
156.787380977073298	-47.802106961924565	20.000000000000000
<search_likelihood_all>-17.004751866583732	-50.050942190369639	-47.802106961924565	-114.857801018877936
<search_likelihood>-6968.385091982940139</search_likelihood>
157.998391422350949	-48.330669925675934	20.000000000000000
<search_likelihood_all>-17.299824884396596	-51.612662107486798	-48.330669925675934	-117.243156917559332
<search_likelihood>-7184.618371704803394</search_likelihood>
158.319744845897816	-48.471028261911783	20.000000000000000
<search_likelihood_all>-16.992905546509537	-51.646142937508991	-48.471028261911783	-117.110076745930314
<search_likelihood>-7189.069856223454735</search_likelihood>
157.546123128899382	-48.133201693412232	20.000000000000000
<search_likelihood_all>-16.927396364146070	-51.915190112874491	-48.133201693412232	-116.975788170432793
<search_likelihood>-7225.776475695418412</search_likelihood>
158.410882456613052	-48.510842169866109	20.000000000000000
<search_likelihood_all>-18.383714227475675	-51.696426370067428	-48.510842169866109	-118.590982767409216
<search_likelihood>-7197.436124682503760</search_likelihood>
158.916560662176636	-48.731810178951363	20.000000000000000
<search_likelihood_all>-16.818020676486782	-52.726844797558584	-48.731810178951363	-118.276675652996730
<search_likelihood>-7338.218078794552639</search_likelihood>
159.345595196408198	-48.919366352124825	20.000000000000000
<search_likelihood_all>-16.252826230461171	-52.211940724402211	-48.919366352124825	-117.384133306988204
<search_likelihood>-7266.819189051856483</search_likelihood>
160.614056368050115	-49.474307701888492	20.000000000000000
<search_likelihood_all>-24.660361512631727	-50.050942190369639	-49.474307701888492	-124.185611404889855
<search_likelihood>-6977.712902368952200</search_likelihood>
160.566974640868409	-49.453698625855026	20.000000000000000
<search_likelihood_all>-17.690564099815667	-50.704610909783916	-49.453698625855026	-117.848873635454609
<search_likelihood>-7060.883698557934622</search_likelihood>
161.162098982438835	-49.714265382229144	20.000000000000000
<search_likelihood_all>-16.395410840485347	-51.429106417320789	-49.714265382229144	-117.538782640035279
<search_likelihood>-7159.779526887650718</search_likelihood>
157.550125078728314	-48.134948653888131	20.000000000000000
<search_likelihood_all>-19.886256344834866	-49.971085043610607	-48.134948653888131	-117.992290042333607
<search_likelihood>-6960.584659289840602</search_likelihood>
160.971683959015365	-49.630879980192589	20.000000000000000
<search_likelihood_all>-21.889476295246382	-49.979062594793248	-49.630879980192589	-121.499418870232219
<search_likelihood>-6965.184162453818317</search_likelihood>
