166.692946156861041	-52.142261071314977	20.000000000000000
<search_likelihood_all>-44.285944399699467	-45.917269448344612	-52.142261071314977	-142.345474919359049
<search_likelihood>-6429.844681104754272</search_likelihood>
164.948449629556592	-51.375217564340986	20.000000000000000
<search_likelihood_all>-40.421660071622526	-56.685919220893958	-51.375217564340986	-148.482796856857476
<search_likelihood>-7910.544356379958117</search_likelihood>
164.323145534779769	-51.100546615575155	20.000000000000000
<search_likelihood_all>-41.441405325237540	-58.636494676205096	-51.100546615575155	-151.178446617017784
<search_likelihood>-8180.334321072549756</search_likelihood>
164.305274766033108	-51.092698828479499	20.000000000000000
<search_likelihood_all>-39.066868695026983	-58.954797487786266	-51.092698828479499	-149.114365011292762
<search_likelihood>-8221.855772735403661</search_likelihood>
163.457040377156744	-50.720340865861544	20.000000000000000
<search_likelihood_all>-33.050933178601703	-60.668879967831224	-50.720340865861544	-144.440154012294471
<search_likelihood>-8451.892648917735642</search_likelihood>
163.054897379186031	-50.543902046714720	20.000000000000000
<search_likelihood_all>-30.592855338457770	-61.176328775359679	-50.543902046714720	-142.313086160532180
<search_likelihood>-8519.251071227887223</search_likelihood>
163.429907146552779	-50.708434349310636	20.000000000000000
<search_likelihood_all>-30.615621214052450	-62.023118951021900	-50.708434349310636	-143.347174514384989
<search_likelihood>-8636.237014325002747</search_likelihood>
163.510733518498938	-50.743903128652079	20.000000000000000
<search_likelihood_all>-29.593720595273108	-61.724470563039688	-50.743903128652079	-142.062094286964879
<search_likelihood>-8594.057701384570464</search_likelihood>
162.271702953417986	-50.200453121613222	20.000000000000000
<search_likelihood_all>-30.893492231093347	-61.969936884706378	-50.200453121613222	-143.063882237412940
<search_likelihood>-8628.671446691516394</search_likelihood>
162.265484827449882	-50.197727258225569	20.000000000000000
<search_likelihood_all>-26.684934837088985	-61.280322341263144	-50.197727258225569	-138.162984436577688
<search_likelihood>-8529.340916062645192</search_likelihood>
161.764886963306992	-49.978326557060313	20.000000000000000
<search_likelihood_all>-24.701773564503693	-61.745666640026990	-49.978326557060313	-136.425766761590978
<search_likelihood>-8591.323774608044914</search_likelihood>
161.562488931213750	-49.889647239227941	20.000000000000000
<search_likelihood_all>-26.196492171282824	-61.892338006855518	-49.889647239227941	-137.978477417366264
<search_likelihood>-8612.960347252650536</search_likelihood>
161.715830740294933	-49.956831468588021	20.000000000000000
<search_likelihood_all>-67.676961079174035	-71.769957110382407	-49.956831468588021	-189.403749658144477
<search_likelihood>-10016.938221566024367</search_likelihood>
162.297325018154993	-50.211685317889419	20.000000000000000
<search_likelihood_all>-52.366994461700884	-66.561751529123910	-50.211685317889419	-169.140431308714199
<search_likelihood>-9283.509925175991157</search_likelihood>
158.462399116850577	-48.533348937692480	20.000000000000000
<search_likelihood_all>-32.920315260393338	-59.470394068512739	-48.533348937692480	-140.924058266598536
<search_likelihood>-8284.266639165358356</search_likelihood>
160.248611962587233	-49.314364376200089	20.000000000000000
<search_likelihood_all>-36.036700081203605	-58.605176711539670	-49.314364376200089	-143.956241168943365
<search_likelihood>-8168.823714324944376</search_likelihood>
157.685078874809250	-48.193863449559771	20.000000000000000
<search_likelihood_all>-94.195058017249124	-79.853823021385594	-48.193863449559771	-222.242744488194489
<search_likelihood>-11156.709338209648195</search_likelihood>
160.057508306113590	-49.230745112910128	20.000000000000000
<search_likelihood_all>-108.352107334642156	-81.280418941697747	-49.230745112910128	-238.863271389250031
<search_likelihood>-11368.675120267931561</search_likelihood>
154.691506935649613	-46.888747644865674	20.000000000000000
<search_likelihood_all>-124.473468518756818	-86.520352726831831	-46.888747644865674	-257.882568890454309
<search_likelihood>-12105.203971588700369</search_likelihood>
154.771974855495728	-46.923781125482165	20.000000000000000
<search_likelihood_all>-137.365460720515841	-89.352183780645746	-46.923781125482165	-273.641425626643752
<search_likelihood>-12508.728384004030886</search_likelihood>
153.215866452884370	-46.246777773295690	20.000000000000000
<search_likelihood_all>-129.347983058279084	-90.124898511090521	-46.246777773295690	-265.719659342665295
<search_likelihood>-12606.615245119921383</search_likelihood>
153.858377080275631	-46.526185776215002	20.000000000000000
<search_likelihood_all>-112.070222922642927	-92.814920844894075	-46.526185776215002	-251.411329543752004
<search_likelihood>-12960.654456270453011</search_likelihood>
155.194620703989358	-47.107833620174659	20.000000000000000
<search_likelihood_all>-158.730387399235724	-91.325715336253566	-47.107833620174659	-297.163936355663964
<search_likelihood>-12802.488612226798068</search_likelihood>
150.580180497668920	-45.102455953332935	20.000000000000000
<search_likelihood_all>-65.569820062509493	-95.073341284993333	-45.102455953332935	-205.745617300835761
<search_likelihood>-13224.236591187336671</search_likelihood>
147.372452074700107	-43.713918073022015	20.000000000000000
<search_likelihood_all>-66.311756052925375	-97.183205923970576	-43.713918073022015	-207.208880049917980
<search_likelihood>-13514.605801570163749</search_likelihood>
148.590684242487953	-44.240710455180633	20.000000000000000
<search_likelihood_all>-72.096809835666789	-98.977083455813300	-44.240710455180633	-215.314603746660737
<search_likelihood>-13768.349031437508529</search_likelihood>
138.046315696678818	-39.704588085484261	20.000000000000000
<search_likelihood_all>-73.630062047203637	-97.806101847159397	-39.704588085484261	-211.140751979847295
<search_likelihood>-13603.831456637430165</search_likelihood>
142.218444177949067	-41.492902676006352	20.000000000000000
<search_likelihood_all>-77.775968970542309	-101.497660225791023	-41.492902676006352	-220.766531872339669
<search_likelihood>-14118.946144169445688</search_likelihood>
141.826752246213829	-41.324636277400870	20.000000000000000
<search_likelihood_all>-81.650955390827974	-104.441736121246009	-41.324636277400870	-227.417327789474882
<search_likelihood>-14528.732298046987125</search_likelihood>
141.416402161942074	-41.148436365994840	20.000000000000000
<search_likelihood_all>-76.812166337741843	-107.285670851301006	-41.148436365994840	-225.246273555037703
<search_likelihood>-14915.984168400425915</search_likelihood>
143.609937758492691	-42.091283028126909	20.000000000000000
<search_likelihood_all>-78.248721173666908	-104.800894523358565	-42.091283028126909	-225.140898725152397
<search_likelihood>-14575.635800527112224</search_likelihood>
141.225784886544204	-41.066615969827581	20.000000000000000
<search_likelihood_all>-79.280083320447531	-106.186050332402843	-41.066615969827581	-226.532749622677954
<search_likelihood>-14766.698469276874675</search_likelihood>
146.012223440240263	-43.126531051687479	20.000000000000000
<search_likelihood_all>-82.988414337135339	-107.476249208676620	-43.126531051687479	-233.591194597499452
<search_likelihood>-14950.425181068356324</search_likelihood>
146.633203818772301	-43.394582080609965	20.000000000000000
<search_likelihood_all>-82.681874693038324	-109.355166788300778	-43.394582080609965	-235.431623561949039
<search_likelihood>-15209.547737918581333</search_likelihood>
134.992748593198343	-38.401486403425906	20.000000000000000
<search_likelihood_all>-86.266153130029082	-109.334168352944218	-38.401486403425906	-234.001807886399206
<search_likelihood>-15205.242584767138396</search_likelihood>
140.260810975880219	-40.652691973089958	20.000000000000000
<search_likelihood_all>-90.237120715566164	-110.360446508709060	-40.652691973089958	-241.250259197365182
<search_likelihood>-15353.020365614043840</search_likelihood>
141.559107663750353	-41.209703048744615	20.000000000000000
<search_likelihood_all>-88.555730435454208	-111.435192248391658	-41.209703048744615	-241.200625732590481
<search_likelihood>-15500.136778089941799</search_likelihood>
144.316298468236369	-42.395397890663588	20.000000000000000
<search_likelihood_all>-90.146804031837149	-112.072603404828968	-42.395397890663588	-244.614805327329719
<search_likelihood>-15590.832326726495012</search_likelihood>
157.638772874202829	-48.173647493231030	20.000000000000000
<search_likelihood_all>-92.496589477874437	-113.914933796650260	-48.173647493231030	-254.585170767755756
<search_likelihood>-15853.074898578037391</search_likelihood>
165.621942742448368	-51.671216730198097	20.000000000000000
<search_likelihood_all>-91.425842788657192	-117.473373903832396	-51.671216730198097	-260.570433422687643
<search_likelihood>-16346.321046254357498</search_likelihood>
152.324659542161015	-45.859510896052413	20.000000000000000
<search_likelihood_all>-87.326302521664900	-115.602216361191921	-45.859510896052413	-248.788029778909220
<search_likelihood>-16078.319104616602999</search_likelihood>
138.594627679104548	-39.939103328386764	20.000000000000000
<search_likelihood_all>-93.341819637141555	-117.549804978013682	-39.939103328386764	-250.830727943542001
<search_likelihood>-16347.047126829484114</search_likelihood>
140.418533103013544	-40.720314436662591	20.000000000000000
<search_likelihood_all>-96.398243817149705	-118.721181489589782	-40.720314436662591	-255.839739743402077
<search_likelihood>-16512.453936128262285</search_likelihood>
154.684706018810999	-46.885786839952686	20.000000000000000
<search_likelihood_all>-94.375320854574937	-120.066033863427847	-46.885786839952686	-261.327141557955485
<search_likelihood>-16702.093364719057718</search_likelihood>
152.204940572782760	-45.807513962360005	20.000000000000000
<search_likelihood_all>-95.738453665441781	-121.912398844582711	-45.807513962360005	-263.458366472384512
<search_likelihood>-16957.049256535763561</search_likelihood>
151.511272264111795	-45.506358601944498	20.000000000000000
<search_likelihood_all>-95.633700748810170	-120.200211930486077	-45.506358601944498	-261.340271281240746
<search_likelihood>-16720.479635969524679</search_likelihood>
139.430304407506725	-40.296826274965895	20.000000000000000
<search_likelihood_all>-98.385623661983772	-122.173564424859663	-40.296826274965895	-260.856014361809343
<search_likelihood>-16990.208577503799461</search_likelihood>
135.179914404806766	-38.481214033165301	20.000000000000000
<search_likelihood_all>-95.108740202709868	-123.602271879504400	-38.481214033165301	-257.192226115379583
<search_likelihood>-17182.179178995105758</search_likelihood>
151.074092255739743	-45.316664926784114	20.000000000000000
<search_likelihood_all>-97.506236383208801	-120.624208236289306	-45.316664926784114	-263.447109546282263
<search_likelihood>-16780.644727005066670</search_likelihood>
139.966300337248668	-40.526456086596696	20.000000000000000
<search_likelihood_all>-101.796345997608071	-121.424310033910473	-40.526456086596696	-263.747112118115240
<search_likelihood>-16890.503496416684357</search_likelihood>
138.368609155570027	-39.842415263345131	20.000000000000000
<search_likelihood_all>-100.979414168110566	-121.679755108092266	-39.842415263345131	-262.501584539547935
<search_likelihood>-16924.236327099355549</search_likelihood>
165.580434233837963	-51.652969010369276	20.000000000000000
<search_likelihood_all>-94.065881379663523	-126.134357095804546	-51.652969010369276	-271.853207485837345
<search_likelihood>-17543.561208432038256</search_likelihood>
139.027158404387990	-40.124208955234764	20.000000000000000
<search_likelihood_all>-100.003827971779529	-126.046835687010997	-40.124208955234764	-266.174872614025276
<search_likelihood>-17525.898476514739741</search_likelihood>
165.697329110738536	-51.704359236130628	20.000000000000000
<search_likelihood_all>-95.251997395172523	-122.948348551639157	-51.704359236130628	-269.904705182942337
<search_likelihood>-17105.349260305665666</search_likelihood>
151.780855794408637	-45.623373209273552	20.000000000000000
<search_likelihood_all>-95.281530987752703	-127.258023371155886	-45.623373209273552	-268.162927568182113
<search_likelihood>-17693.735714011629170</search_likelihood>
150.548139679182270	-45.088563594921141	20.000000000000000
<search_likelihood_all>-97.632187498362129	-127.902668000866967	-45.088563594921141	-270.623419094150222
<search_likelihood>-17784.468061557690817</search_likelihood>
150.229902285265041	-44.950605851773560	20.000000000000000
<search_likelihood_all>-98.177081288366196	-127.276307159372408	-44.950605851773560	-270.403994299512192
<search_likelihood>-17698.480398777712253</search_likelihood>
154.233269567218940	-46.689295581094342	20.000000000000000
<search_likelihood_all>-98.669355973702338	-127.055106225666520	-46.689295581094342	-272.413757780463243
<search_likelihood>-17670.200889577765338</search_likelihood>
146.621590717802064	-43.389567544522748	20.000000000000000
<search_likelihood_all>-102.385108373715269	-127.524408803150806	-43.389567544522748	-273.299084721388795
<search_likelihood>-17735.348303939037578</search_likelihood>
150.149673859088068	-44.915833441820595	20.000000000000000
<search_likelihood_all>-104.997561134599621	-128.822329931463116	-44.915833441820595	-278.735724507883333
<search_likelihood>-17918.510626502364175</search_likelihood>
141.187586323340980	-41.050221840837722	20.000000000000000
<search_likelihood_all>-98.114832593974810	-129.893276385519954	-41.050221840837722	-269.058330820332458
<search_likelihood>-18055.479038644461980</search_likelihood>
146.277396459501489	-43.240973017416508	20.000000000000000
<search_likelihood_all>-104.729623391193329	-131.757493562952590	-43.240973017416508	-279.728089971562440
<search_likelihood>-18321.417984402069123</search_likelihood>
146.973375914546722	-43.541496151336887	20.000000000000000
<search_likelihood_all>-104.056404785761217	-130.897121270308674	-43.541496151336887	-278.495022207406805
<search_likelihood>-18202.373248565883841</search_likelihood>
164.274431979045005	-51.079154774726490	20.000000000000000
<search_likelihood_all>-105.320391224172013	-137.205133357357141	-51.079154774726490	-293.604679356255645
<search_likelihood>-19081.245526324019011</search_likelihood>
165.787084182572499	-51.743821430002669	20.000000000000000
<search_likelihood_all>-101.633805179741543	-135.451166720648473	-51.743821430002669	-288.828793330392728
<search_likelihood>-18836.297174285395158</search_likelihood>
147.543047801361865	-43.787646809212319	20.000000000000000
<search_likelihood_all>-104.190653605391489	-135.071113485295683	-43.787646809212319	-283.049413899899491
<search_likelihood>-18778.476712179523020</search_likelihood>
164.550445717883576	-51.200373753545975	20.000000000000000
<search_likelihood_all>-105.938401166607377	-134.673704120508830	-51.200373753545975	-291.812479040662197
<search_likelihood>-18732.822101886886230</search_likelihood>
147.526092243309705	-43.780318290191417	20.000000000000000
<search_likelihood_all>-107.095123803955644	-136.669548330983787	-43.780318290191417	-287.544990425130834
<search_likelihood>-19001.847625678117765</search_likelihood>
162.517897567050198	-50.308390173273935	20.000000000000000
<search_likelihood_all>-106.897755520694787	-137.819747408474512	-50.308390173273935	-295.025893102443263
<search_likelihood>-19166.826477897349832</search_likelihood>
164.065784936566757	-50.987540453263307	20.000000000000000
<search_likelihood_all>-103.777570642069421	-137.407577550840642	-50.987540453263307	-292.172688646173356
<search_likelihood>-19107.534428452661814</search_likelihood>
145.833553065481851	-43.049440029649261	20.000000000000000
<search_likelihood_all>-109.357686607893939	-137.317433931245404	-43.049440029649261	-289.724560568788604
<search_likelihood>-19092.742841292081721</search_likelihood>
163.175221331372853	-50.596687391973518	20.000000000000000
<search_likelihood_all>-107.000483731139852	-142.869352969952502	-50.596687391973518	-300.466524093065914
<search_likelihood>-19863.714822151043336</search_likelihood>
161.141569629936527	-49.705274619651902	20.000000000000000
<search_likelihood_all>-102.635318390796911	-143.680864706667080	-49.705274619651902	-296.021457717115879
<search_likelihood>-19970.390897378321824</search_likelihood>
162.120850669610121	-50.134327581279649	20.000000000000000
<search_likelihood_all>-106.856392135526875	-147.104062904430918	-50.134327581279649	-304.094782621237414
<search_likelihood>-20447.206292741760990</search_likelihood>
160.361905191163856	-49.363943646952819	20.000000000000000
<search_likelihood_all>-110.041568766561156	-147.346676875714365	-49.363943646952819	-306.752189289228340
<search_likelihood>-20483.085081477565836</search_likelihood>
163.549956583806903	-50.761116142212629	20.000000000000000
<search_likelihood_all>-102.601591965385637	-146.271854753263028	-50.761116142212629	-299.634562860861308
<search_likelihood>-20328.790949936981633</search_likelihood>
158.903775039729709	-48.726221949500527	20.000000000000000
<search_likelihood_all>-110.714958025504131	-144.459752747488153	-48.726221949500527	-303.900932722492826
<search_likelihood>-20084.924317559572955</search_likelihood>
161.469314753998475	-49.848828881670087	20.000000000000000
<search_likelihood_all>-99.594025314673274	-151.245043518971471	-49.848828881670087	-300.687897715314818
<search_likelihood>-21010.828167157924327</search_likelihood>
148.621185994629030	-44.253908805406638	20.000000000000000
<search_likelihood_all>-106.439202564019823	-149.188886442571629	-44.253908805406638	-299.881997811998076
<search_likelihood>-20728.470551724130928</search_likelihood>
159.248229844508586	-48.876795869650095	20.000000000000000
<search_likelihood_all>-110.847567277230539	-149.757551207700260	-48.876795869650095	-309.481914354580908
<search_likelihood>-20815.938322829675599</search_likelihood>
159.062242532528586	-48.795488120928965	20.000000000000000
<search_likelihood_all>-110.708709781879975	-149.572416322716549	-48.795488120928965	-309.076614225525475
<search_likelihood>-20790.182311380955070</search_likelihood>
158.844001765203956	-48.700097621817392	20.000000000000000
<search_likelihood_all>-110.809808487633148	-153.140886134772813	-48.700097621817392	-312.650792244223396
<search_likelihood>-21282.390752285009512</search_likelihood>
158.757084779246100	-48.662112472086335	20.000000000000000
<search_likelihood_all>-111.005983438549947	-158.246613819860073	-48.662112472086335	-317.914709730496327
<search_likelihood>-21986.787243477541779</search_likelihood>
159.060899836043774	-48.794901186318015	20.000000000000000
<search_likelihood_all>-110.372827726048371	-154.719782601972071	-48.794901186318015	-313.887511514338485
<search_likelihood>-21499.827398149893270</search_likelihood>
159.781971025521642	-49.110206199809298	20.000000000000000
<search_likelihood_all>-110.117093590979195	-157.286935956352920	-49.110206199809298	-316.514235747141413
<search_likelihood>-21853.977086873950611</search_likelihood>
158.658455320801494	-48.619012275497681	20.000000000000000
<search_likelihood_all>-106.758174041174925	-158.611522048173867	-48.619012275497681	-313.988708364846502
<search_likelihood>-22032.828503306165658</search_likelihood>
158.658401150615902	-48.618988604669497	20.000000000000000
<search_likelihood_all>-105.164082024318503	-160.385242860685480	-48.618988604669497	-314.168313489673494
<search_likelihood>-22275.885534171811742</search_likelihood>
160.872104514167148	-49.587278318659642	20.000000000000000
<search_likelihood_all>-110.017783859814656	-157.518991610626017	-49.587278318659642	-317.124053789100287
<search_likelihood>-21886.362525713095238</search_likelihood>
136.164554382101642	-38.900958796411899	20.000000000000000
<search_likelihood_all>-104.726752220210216	-159.117158442889718	-38.900958796411899	-302.744869459511790
<search_likelihood>-22090.821979001408181</search_likelihood>
139.641238455303750	-40.387176452065773	20.000000000000000
<search_likelihood_all>-112.296955402270299	-161.114301141630733	-40.387176452065773	-313.798432995966778
<search_likelihood>-22375.346358286162285</search_likelihood>
156.615520262924434	-47.727144003728426	20.000000000000000
<search_likelihood_all>-110.754872719643316	-162.057252925197133	-47.727144003728426	-320.539269648568848
<search_likelihood>-22511.206558129873883</search_likelihood>
154.778151301307986	-46.926470288895757	20.000000000000000
<search_likelihood_all>-112.797464133360648	-163.310196270021322	-46.926470288895757	-323.034130692277699
<search_likelihood>-22685.268247528641950</search_likelihood>
156.875473959319464	-47.840536403838541	20.000000000000000
<search_likelihood_all>-110.927624825074545	-167.322405649187090	-47.840536403838541	-326.090566878100162
<search_likelihood>-23237.720664565062179</search_likelihood>
155.362824594878390	-47.181103179541623	20.000000000000000
<search_likelihood_all>-112.610385751148641	-165.946151052831567	-47.181103179541623	-325.737639983521831
<search_likelihood>-23048.915772079868475</search_likelihood>
154.759225132363696	-46.918230072510553	20.000000000000000
<search_likelihood_all>-112.864139333456791	-168.266131835091926	-46.918230072510553	-328.048501241059228
<search_likelihood>-23368.904001832441281</search_likelihood>
155.720744396014510	-47.337051902744491	20.000000000000000
<search_likelihood_all>-113.282917522583759	-164.664129357879915	-47.337051902744491	-325.284098783208151
<search_likelihood>-22872.913673960490996</search_likelihood>
158.284178655698980	-48.455491897677561	20.000000000000000
<search_likelihood_all>-104.122853957011102	-171.224198383582234	-48.455491897677561	-323.802544238270912
<search_likelihood>-23769.709157383273123</search_likelihood>
153.125401378370782	-46.207451399304716	20.000000000000000
<search_likelihood_all>-114.211844833671407	-171.647211424147571	-46.207451399304716	-332.066507657123680
<search_likelihood>-23835.896734046429629</search_likelihood>
154.820764137536003	-46.945023930150924	20.000000000000000
<search_likelihood_all>-106.052720763833818	-171.240823741614804	-46.945023930150924	-324.238568435599518
<search_likelihood>-23772.421709054644452</search_likelihood>
155.168064092987635	-47.096266642250683	20.000000000000000
<search_likelihood_all>-110.145426931095272	-173.385286008957848	-47.096266642250683	-330.626979582303818
<search_likelihood>-24072.453556877873780</search_likelihood>
156.501459001302663	-47.677398909903417	20.000000000000000
<search_likelihood_all>-108.770736216104822	-176.958537502709078	-47.677398909903417	-333.406672628717274
<search_likelihood>-24564.522273430706264</search_likelihood>
154.193107352209864	-46.671818804363141	20.000000000000000
<search_likelihood_all>-114.435798324118068	-177.396767271623020	-46.671818804363141	-338.504384400104186
<search_likelihood>-24629.627240800618893</search_likelihood>
155.845452699194794	-47.391400801453997	20.000000000000000
<search_likelihood_all>-112.759176788663936	-176.966088116414170	-47.391400801453997	-337.116665706532103
<search_likelihood>-24569.266179854137590</search_likelihood>
154.592695422552794	-46.845731578815872	20.000000000000000
<search_likelihood_all>-112.393185570839350	-174.996989154290418	-46.845731578815872	-334.235906303945626
<search_likelihood>-24296.754662569022912</search_likelihood>
157.037462701704186	-47.911210158207240	20.000000000000000
<search_likelihood_all>-104.582403758501030	-177.491439171924696	-47.911210158207240	-329.985053088632981
<search_likelihood>-24634.071430733903981</search_likelihood>
151.719289849441168	-45.596647298817331	20.000000000000000
<search_likelihood_all>-114.111400359062415	-177.408447814710968	-45.596647298817331	-337.116495472590714
<search_likelihood>-24629.838780721460353</search_likelihood>
153.371003737954055	-46.314226132583300	20.000000000000000
<search_likelihood_all>-114.248295191642612	-180.517142191886563	-46.314226132583300	-341.079663516112475
<search_likelihood>-25059.478685722373484</search_likelihood>
152.136299176207871	-45.777704082113218	20.000000000000000
<search_likelihood_all>-107.478234969513636	-176.726622531622468	-45.777704082113218	-329.982561583249321
<search_likelihood>-24529.341805482308700</search_likelihood>
156.963406938918496	-47.878899191404059	20.000000000000000
<search_likelihood_all>-108.531366967095522	-179.184671229529101	-47.878899191404059	-335.594937388028654
<search_likelihood>-24871.537332300442358</search_likelihood>
154.531182978721489	-46.818955149400324	20.000000000000000
<search_likelihood_all>-113.692671473240011	-188.045675544522254	-46.818955149400324	-348.557302167162618
<search_likelihood>-26097.846184487778373</search_likelihood>
152.152484745948328	-45.784733037449726	20.000000000000000
<search_likelihood_all>-114.396771213937129	-181.532165208388733	-45.784733037449726	-341.713669459775588
<search_likelihood>-25199.100843339489074</search_likelihood>
155.937527108872700	-47.431531692073293	20.000000000000000
<search_likelihood_all>-114.819277542303297	-180.630113068899078	-47.431531692073293	-342.880922303275668
<search_likelihood>-25076.749163565284107</search_likelihood>
153.505088790543795	-46.372529948735078	20.000000000000000
<search_likelihood_all>-110.231500403086343	-186.703788073774575	-46.372529948735078	-343.307818425595997
<search_likelihood>-25908.850661217278684</search_likelihood>
150.786774666358411	-45.192042562954967	20.000000000000000
<search_likelihood_all>-111.064651453934900	-191.962224592438503	-45.192042562954967	-348.218918609328341
<search_likelihood>-26633.804913663578191</search_likelihood>
155.269518199455575	-47.140457495239147	20.000000000000000
<search_likelihood_all>-103.048050161584754	-187.873091003840557	-47.140457495239147	-338.061598660664458
<search_likelihood>-26063.718301290002273</search_likelihood>
154.918926751121347	-46.987766842494366	20.000000000000000
<search_likelihood_all>-103.074016714927652	-189.153344502876024	-46.987766842494366	-339.215128060298014
<search_likelihood>-26240.178266712733603</search_likelihood>
154.489503775865188	-46.800813050430463	20.000000000000000
<search_likelihood_all>-108.824582428217155	-193.508269269871079	-46.800813050430463	-349.133664748518697
<search_likelihood>-26846.421156840173353</search_likelihood>
154.241899632367875	-46.693051083047678	20.000000000000000
<search_likelihood_all>-103.237025746220013	-187.488168438380626	-46.693051083047678	-337.418245267648331
<search_likelihood>-26010.367102812801022</search_likelihood>
155.597466562881237	-47.283332718158647	20.000000000000000
<search_likelihood_all>-113.717748800168621	-189.560067282113010	-47.283332718158647	-350.561148800440264
<search_likelihood>-26307.217258361499262</search_likelihood>
147.866973262541848	-43.927678964133960	20.000000000000000
<search_likelihood_all>-114.954990191405756	-193.829979065727940	-43.927678964133960	-352.712648221267671
<search_likelihood>-26894.052195462842064</search_likelihood>
155.906611828740523	-47.418056791226789	20.000000000000000
<search_likelihood_all>-117.509870504910097	-192.284209099818810	-47.418056791226789	-357.212136395955667
<search_likelihood>-26686.887803133209673</search_likelihood>
146.371922244989349	-43.281775906139686	20.000000000000000
<search_likelihood_all>-115.503469296522780	-192.905087511693040	-43.281775906139686	-351.690332714355520
<search_likelihood>-26766.383522677562723</search_likelihood>
149.640425511205336	-44.695182960724281	20.000000000000000
<search_likelihood_all>-114.314118775046992	-200.511071912810138	-44.695182960724281	-359.520373648581426
<search_likelihood>-27815.708875916479883</search_likelihood>
147.280422339819268	-43.674149860263398	20.000000000000000
<search_likelihood_all>-115.682569694335896	-196.159960067345423	-43.674149860263398	-355.516679621944718
<search_likelihood>-27215.902935740174144</search_likelihood>
151.875437151490871	-45.664434386741377	20.000000000000000
<search_likelihood_all>-107.616153969786765	-201.857512776579853	-45.664434386741377	-355.138101133108023
<search_likelihood>-27995.696143746848975</search_likelihood>
148.849748351182228	-44.352822942729532	20.000000000000000
<search_likelihood_all>-114.880716293808561	-202.426207657321385	-44.352822942729532	-361.659746893859449
<search_likelihood>-28080.089767832589132</search_likelihood>
149.013354516159239	-44.423640698075801	20.000000000000000
<search_likelihood_all>-115.262211819216787	-199.853734795443700	-44.423640698075801	-359.539587312736330
<search_likelihood>-27725.718238095731067</search_likelihood>
145.990561844101364	-43.117183910437092	20.000000000000000
<search_likelihood_all>-115.093741850383694	-212.066500682335089	-43.117183910437092	-370.277426443155832
<search_likelihood>-29408.762744013936754</search_likelihood>
149.693865886934617	-44.718332533538614	20.000000000000000
<search_likelihood_all>-103.942681515734549	-205.094108794333920	-44.718332533538614	-353.755122843607069
<search_likelihood>-28437.503606371192291</search_likelihood>
148.317268314808587	-44.122420051572092	20.000000000000000
<search_likelihood_all>-113.112639988740142	-209.615616458762503	-44.122420051572092	-366.850676499074723
<search_likelihood>-29069.733881938587729</search_likelihood>
148.690932805682422	-44.284090386556031	20.000000000000000
<search_likelihood_all>-105.756320420319483	-219.015450800644430	-44.284090386556031	-369.055861607519944
<search_likelihood>-30359.068107447481452</search_likelihood>
147.042223444999422	-43.571236659493820	20.000000000000000
<search_likelihood_all>-115.163617395404643	-221.431747105301127	-43.571236659493820	-380.166601160199605
<search_likelihood>-30701.044799613671785</search_likelihood>
149.679041564075789	-44.711910730455045	20.000000000000000
<search_likelihood_all>-107.610212919513543	-213.712944478138724	-44.711910730455045	-366.035068128107298
<search_likelihood>-29629.969637875994522</search_likelihood>
152.161518776559234	-45.788656321904227	20.000000000000000
<search_likelihood_all>-115.647532791336118	-217.702266440270677	-45.788656321904227	-379.138455553510994
<search_likelihood>-30189.335008460915560</search_likelihood>
152.838948752187292	-46.082949667018241	20.000000000000000
<search_likelihood_all>-106.087711866438752	-221.570603489640291	-46.082949667018241	-373.741265023097242
<search_likelihood>-30713.633211828670028</search_likelihood>
156.343389225508787	-47.608469337158141	20.000000000000000
<search_likelihood_all>-110.867214537666811	-219.022639208436487	-47.608469337158141	-377.498323083261425
<search_likelihood>-30368.494885038475331</search_likelihood>
148.777525186595909	-44.321564623052083	20.000000000000000
<search_likelihood_all>-115.372439750949368	-224.049774316666714	-44.321564623052083	-383.743778690668194
<search_likelihood>-31063.111151500444976</search_likelihood>
147.765437012045680	-43.883779927048053	20.000000000000000
<search_likelihood_all>-114.750571594345914	-224.886995880183321	-43.883779927048053	-383.521347401577316
<search_likelihood>-31177.530334994953591</search_likelihood>
148.987515590554068	-44.412455386295022	20.000000000000000
<search_likelihood_all>-115.046809325165256	-224.329276225924445	-44.412455386295022	-383.788540937384710
<search_likelihood>-31101.428399321728648</search_likelihood>
148.820937260621093	-44.340353166877634	20.000000000000000
<search_likelihood_all>-114.407841675748813	-227.436505466371329	-44.340353166877634	-386.184700308997776
<search_likelihood>-31529.300672962806857</search_likelihood>
142.830015503245079	-41.755778282983741	20.000000000000000
<search_likelihood_all>-113.040458706728160	-223.919374211670430	-41.755778282983741	-378.715611201382330
<search_likelihood>-31040.227162737355684</search_likelihood>
143.300934986371715	-41.958321633816368	20.000000000000000
<search_likelihood_all>-106.628934956256415	-225.314966225522255	-41.958321633816368	-373.902222815594996
<search_likelihood>-31226.513632524176501</search_likelihood>
145.576256641095796	-42.938450556639097	20.000000000000000
<search_likelihood_all>-110.042036354090925	-229.026044825696573	-42.938450556639097	-382.006531736426609
<search_likelihood>-31742.779773213700537</search_likelihood>
142.407803663512311	-41.574276582454402	20.000000000000000
<search_likelihood_all>-116.247643193457890	-225.038817878121279	-41.574276582454402	-382.860737654033585
<search_likelihood>-31197.658868482296384</search_likelihood>
146.492803599028036	-43.333961484457404	20.000000000000000
<search_likelihood_all>-105.350811888225735	-226.593592774269581	-43.333961484457404	-375.278366146952749
<search_likelihood>-31402.973431892627559</search_likelihood>
142.842171250385064	-41.761005128857590	20.000000000000000
<search_likelihood_all>-112.455751264076000	-231.529681860221757	-41.761005128857590	-385.746438253155361
<search_likelihood>-32089.345288837310363</search_likelihood>
144.158098002996326	-42.327265735837273	20.000000000000000
<search_likelihood_all>-116.623197431945712	-232.723726170161825	-42.327265735837273	-391.674189337944824
<search_likelihood>-32258.774762500444922</search_likelihood>
142.886871119017769	-41.780226233942827	20.000000000000000
<search_likelihood_all>-113.875364999904804	-237.304377008485801	-41.780226233942827	-392.959968242333389
<search_likelihood>-32887.293799300852697</search_likelihood>
139.412823414929363	-40.289339601408059	20.000000000000000
<search_likelihood_all>-117.004028647911980	-244.362693045212978	-40.289339601408059	-401.656061294533060
<search_likelihood>-33862.492408968355448</search_likelihood>
141.462770290619687	-41.168342131073175	20.000000000000000
<search_likelihood_all>-115.754673850924021	-238.880025809309046	-41.168342131073175	-395.803041791306271
<search_likelihood>-33105.892093128073611</search_likelihood>
141.919822108859393	-41.364611138971625	20.000000000000000
<search_likelihood_all>-115.602080344920950	-237.781909534522242	-41.364611138971625	-394.748601018414831
<search_likelihood>-32954.471454866266868</search_likelihood>
