135.996952463731759	-38.829474196105110	20.000000000000000
<search_likelihood_all>-132.819094856043677	-75.530831668448542	-38.829474196105110	-247.179400720597329
<search_likelihood>-10589.694316424362114</search_likelihood>
138.632658400111865	-39.955375039678714	20.000000000000000
<search_likelihood_all>-58.850982951989472	-66.568297582831548	-39.955375039678714	-165.374655574499741
<search_likelihood>-9280.640507347743551</search_likelihood>
150.206122758078436	-44.940299089235666	20.000000000000000
<search_likelihood_all>-15.357221142438442	-59.338498828584271	-44.940299089235666	-119.636019060258377
<search_likelihood>-8244.918048312263636</search_likelihood>
149.056784334299238	-44.442441540100035	20.000000000000000
<search_likelihood_all>-34.823950063925089	-65.402637235173700	-44.442441540100035	-144.669028839198802
<search_likelihood>-9100.319803352122108</search_likelihood>
153.029639050130953	-46.165826041473579	20.000000000000000
<search_likelihood_all>-21.156660006318244	-67.398200405660830	-46.165826041473579	-134.720686453452657
<search_likelihood>-9363.625990276870652</search_likelihood>
153.376403102327401	-46.316573774996954	20.000000000000000
<search_likelihood_all>-26.416184291275819	-69.979722948920795	-46.316573774996954	-142.712481015193561
<search_likelihood>-9725.108337227762604</search_likelihood>
156.716167363509243	-47.771043237041653	20.000000000000000
<search_likelihood_all>-17.296698746976841	-68.070741726935694	-47.771043237041653	-133.138483710954176
<search_likelihood>-9454.135566388942607</search_likelihood>
154.080347471175941	-46.622754439306760	20.000000000000000
<search_likelihood_all>-19.498731339725552	-70.498192897781863	-46.622754439306760	-136.619678676814175
<search_likelihood>-9790.010161335148950</search_likelihood>
155.910222764208470	-47.419630652769712	20.000000000000000
<search_likelihood_all>-15.521563876604391	-72.052770252509873	-47.419630652769712	-134.993964781883960
<search_likelihood>-10001.254332806596722</search_likelihood>
155.587027723042070	-47.278784208264142	20.000000000000000
<search_likelihood_all>-22.056519297842939	-69.879744852714893	-47.278784208264142	-139.215048358821974
<search_likelihood>-9707.920800432297256</search_likelihood>
154.950254863975204	-47.001408877060499	20.000000000000000
<search_likelihood_all>-18.496161524240502	-66.555278314285815	-47.001408877060499	-132.052848715586833
<search_likelihood>-9245.535958578655482</search_likelihood>
153.971996610217445	-46.575613583795601	20.000000000000000
<search_likelihood_all>-49.155892333816993	-74.518674442454241	-46.575613583795601	-170.250180360066850
<search_likelihood>-10374.169360049230818</search_likelihood>
156.486579522318550	-47.670909972177810	20.000000000000000
<search_likelihood_all>-38.449306351796039	-72.508945078431339	-47.670909972177810	-158.629161402405202
<search_likelihood>-10087.354020245536958</search_likelihood>
157.832541296834506	-48.258247326329581	20.000000000000000
<search_likelihood_all>-27.749705934555912	-61.802208859715179	-48.258247326329581	-137.810162120600666
<search_likelihood>-8600.450554600909527</search_likelihood>
154.665274969745838	-46.877327565640556	20.000000000000000
<search_likelihood_all>-39.861107739736127	-71.467832325424723	-46.877327565640556	-158.206267630801392
<search_likelihood>-9944.370480191544630</search_likelihood>
156.986330774546701	-47.888900758536820	20.000000000000000
<search_likelihood_all>-44.705636201691398	-70.877181827339413	-47.888900758536820	-163.471718787567625
<search_likelihood>-9868.757547627734311</search_likelihood>
156.707091621389651	-47.767084502460222	20.000000000000000
<search_likelihood_all>-60.863437514269407	-71.289660266038354	-47.767084502460222	-179.920182282767968
<search_likelihood>-9941.687110435814247</search_likelihood>
156.386876151502179	-47.627431686134983	20.000000000000000
<search_likelihood_all>-86.166797487588610	-74.988852368286601	-47.627431686134983	-208.783081542010166
<search_likelihood>-10477.084211006356782</search_likelihood>
155.082340696451695	-47.058931022105043	20.000000000000000
<search_likelihood_all>-59.606548700988810	-74.373901052231815	-47.058931022105043	-181.039380775325668
<search_likelihood>-10365.134590375759217</search_likelihood>
156.538638735316567	-47.693613379352200	20.000000000000000
<search_likelihood_all>-80.128910900796669	-77.444924664854824	-47.693613379352200	-205.267448945003707
<search_likelihood>-10809.881098742882386</search_likelihood>
156.099429260737594	-47.502105653174397	20.000000000000000
<search_likelihood_all>-81.578327531290512	-77.845976125461732	-47.502105653174397	-206.926409309926640
<search_likelihood>-10866.456450489531562</search_likelihood>
157.724278767090993	-48.210977743862244	20.000000000000000
<search_likelihood_all>-72.718911075062991	-74.663987342018643	-48.210977743862244	-195.593876160943864
<search_likelihood>-10419.410901511149859</search_likelihood>
155.094733762180113	-47.064328458791252	20.000000000000000
<search_likelihood_all>-69.328059512043652	-73.437973859896061	-47.064328458791252	-189.830361830730965
<search_likelihood>-10245.768092784082910</search_likelihood>
157.698090240265856	-48.199544017523678	20.000000000000000
<search_likelihood_all>-90.325969324509700	-76.214738187198819	-48.199544017523678	-214.740251529232182
<search_likelihood>-10650.903194334972795</search_likelihood>
157.206587310884629	-47.985008559678036	20.000000000000000
<search_likelihood_all>-95.847409283601039	-78.875287960351002	-47.985008559678036	-222.707705803630063
<search_likelihood>-11023.182481339967126</search_likelihood>
156.882502369967710	-47.843602594375483	20.000000000000000
<search_likelihood_all>-91.175644612500591	-78.074428915820789	-47.843602594375483	-217.093676122696849
<search_likelihood>-10907.905994216638646</search_likelihood>
156.502794467255029	-47.677981310751520	20.000000000000000
<search_likelihood_all>-96.728062296484168	-78.695955490372484	-47.677981310751520	-223.101999097608200
<search_likelihood>-10999.020594003439328</search_likelihood>
157.590852319545093	-48.152727574497732	20.000000000000000
<search_likelihood_all>-97.765915012496947	-79.472712637207593	-48.152727574497732	-225.391355224202272
<search_likelihood>-11107.672109788039961</search_likelihood>
159.433394555290846	-48.957757553032408	20.000000000000000
<search_likelihood_all>-97.981957092331598	-78.893264515726713	-48.957757553032408	-225.832979161090748
<search_likelihood>-11028.769303021463202</search_likelihood>
160.034061269803743	-49.220486615304338	20.000000000000000
<search_likelihood_all>-113.348772007460369	-80.450689321058235	-49.220486615304338	-243.019947943822928
<search_likelihood>-11259.216061527347847</search_likelihood>
160.224733396693466	-49.303915299305217	20.000000000000000
<search_likelihood_all>-108.297593983151202	-80.320193592105511	-49.303915299305217	-237.921702874561959
<search_likelihood>-11236.248901297009070</search_likelihood>
159.272823808618881	-48.887548591828107	20.000000000000000
<search_likelihood_all>-117.610377053079262	-83.831501661195048	-48.887548591828107	-250.329427306102417
<search_likelihood>-11729.463672016638156</search_likelihood>
158.654928413716050	-48.617471119990043	20.000000000000000
<search_likelihood_all>-99.348702332885651	-81.759265976635945	-48.617471119990043	-229.725439429511653
<search_likelihood>-11425.106308161279230</search_likelihood>
157.955703799303137	-48.312028254997998	20.000000000000000
<search_likelihood_all>-107.644598086090596	-83.710351491573689	-48.312028254997998	-239.666977832662269
<search_likelihood>-11702.212004489181709</search_likelihood>
159.237131784853148	-48.871943767279461	20.000000000000000
<search_likelihood_all>-116.008357935789462	-84.034176103022816	-48.871943767279461	-248.914477806091725
<search_likelihood>-11755.801143499316822</search_likelihood>
159.362336719318705	-48.926686526428057	20.000000000000000
<search_likelihood_all>-120.227149776053764	-83.569438087985006	-48.926686526428057	-252.723274390466827
<search_likelihood>-11695.972882921101700</search_likelihood>
160.912237403508357	-49.604850366660102	20.000000000000000
<search_likelihood_all>-117.664509037946999	-77.793438758213938	-49.604850366660102	-245.062798162821025
<search_likelihood>-10897.398843296183259</search_likelihood>
159.180020541033230	-48.846975341851561	20.000000000000000
<search_likelihood_all>-131.091700229472849	-85.437987140084573	-48.846975341851561	-265.376662711408983
<search_likelihood>-11964.488625927817338</search_likelihood>
158.442519249610370	-48.524663630688394	20.000000000000000
<search_likelihood_all>-120.850311432696031	-86.093183475383398	-48.524663630688394	-255.468158538767824
<search_likelihood>-12044.296833736956614</search_likelihood>
159.878353842900168	-49.152367281129102	20.000000000000000
<search_likelihood_all>-130.712651259476246	-86.221125298254549	-49.152367281129102	-266.086143838859925
<search_likelihood>-12072.434025196405855</search_likelihood>
160.057508306113590	-49.230745112910128	20.000000000000000
<search_likelihood_all>-108.352107334642156	-81.280418941697747	-49.230745112910128	-238.863271389250031
<search_likelihood>-11368.675120267931561</search_likelihood>
157.849378303729111	-48.265599122698333	20.000000000000000
<search_likelihood_all>-130.913925581324037	-86.974884694323109	-48.265599122698333	-266.154409398345479
<search_likelihood>-12175.715344610658576</search_likelihood>
160.203982485810741	-49.294835040572707	20.000000000000000
<search_likelihood_all>-108.351201865962594	-71.736679459262390	-49.294835040572707	-229.382716365797705
<search_likelihood>-10052.360445080657882</search_likelihood>
160.472482956331930	-49.412339392539607	20.000000000000000
<search_likelihood_all>-50.306852421287225	-56.642152898907469	-49.412339392539607	-156.361344712734308
<search_likelihood>-7912.429936490719228</search_likelihood>
160.404154735833544	-49.382434129056122	20.000000000000000
<search_likelihood_all>-93.795950607337346	-65.189067977400498	-49.382434129056122	-208.367452713793966
<search_likelihood>-9134.773967826116859</search_likelihood>
160.316505244412923	-49.344075167408988	20.000000000000000
<search_likelihood_all>-143.756119753742297	-82.399763250390507	-49.344075167408988	-275.499958171541834
<search_likelihood>-11558.584781181911239</search_likelihood>
157.818592996022005	-48.252156955470198	20.000000000000000
<search_likelihood_all>-30.336834538104956	-50.623241421277356	-48.252156955470198	-129.212232914852507
<search_likelihood>-7061.105049600796519</search_likelihood>
161.127069423404549	-49.698924399575574	20.000000000000000
<search_likelihood_all>-125.201087573781024	-76.808022927433626	-49.698924399575574	-251.708034900790210
<search_likelihood>-10769.110070929718859</search_likelihood>
159.083941386466108	-48.804973467165794	20.000000000000000
<search_likelihood_all>-30.778418998150883	-51.081409647095555	-48.804973467165794	-130.664802112412247
<search_likelihood>-7125.295067926772390</search_likelihood>
161.671189085399533	-49.937271522217301	20.000000000000000
<search_likelihood_all>-136.753488990925405	-81.337593982306544	-49.937271522217301	-268.028354495449264
<search_likelihood>-11405.669240831286515</search_likelihood>
162.359700956699442	-50.239030712732543	20.000000000000000
<search_likelihood_all>-130.407278335846939	-81.071440285686947	-50.239030712732543	-261.717749334266443
<search_likelihood>-11362.913934660571613</search_likelihood>
160.239543278697624	-49.310395963681614	20.000000000000000
<search_likelihood_all>-37.447398672319899	-53.870540134888124	-49.310395963681614	-140.628334770889637
<search_likelihood>-7517.177123586086964</search_likelihood>
161.420572757090810	-49.827476992774223	20.000000000000000
<search_likelihood_all>-127.112220592840941	-79.582273687796217	-49.827476992774223	-256.521971273411395
<search_likelihood>-11153.805033833366906</search_likelihood>
159.850188765899389	-49.140046554498483	20.000000000000000
<search_likelihood_all>-139.487228154787090	-83.069908686649427	-49.140046554498483	-271.697183395934985
<search_likelihood>-11646.545714247136857</search_likelihood>
158.945946883261058	-48.744654300042427	20.000000000000000
<search_likelihood_all>-93.764192011724361	-65.465698636381461	-48.744654300042427	-207.974544948148264
<search_likelihood>-9172.260382364380348</search_likelihood>
161.254017100384033	-49.754522609571708	20.000000000000000
<search_likelihood_all>-143.012980703410960	-83.469066947335691	-49.754522609571708	-276.236570260318388
<search_likelihood>-11705.742254669630711</search_likelihood>
159.553128250514618	-49.010117268380910	20.000000000000000
<search_likelihood_all>-28.133420384798207	-49.574488310589700	-49.010117268380910	-126.718025963768824
<search_likelihood>-6915.003994286240413</search_likelihood>
161.706136372982627	-49.952583772183871	20.000000000000000
<search_likelihood_all>-126.342182691683632	-76.705688454132670	-49.952583772183871	-253.000454918000173
<search_likelihood>-10756.389725654578797</search_likelihood>
159.938612154211881	-49.178728136886491	20.000000000000000
<search_likelihood_all>-28.299024768173666	-51.263094014043702	-49.178728136886491	-128.740846919103859
<search_likelihood>-7148.249341049017858</search_likelihood>
161.918486499652971	-50.045635596918657	20.000000000000000
<search_likelihood_all>-142.526621311858435	-86.008093809882453	-50.045635596918657	-278.580350718659531
<search_likelihood>-12055.757609996009705</search_likelihood>
161.473611283306468	-49.850711060340345	20.000000000000000
<search_likelihood_all>-142.154294716837654	-84.627344676127947	-49.850711060340345	-276.632350453305946
<search_likelihood>-11864.742202484481822</search_likelihood>
160.828571727428596	-49.568218340925725	20.000000000000000
<search_likelihood_all>-120.700089570521996	-71.751671683679774	-49.568218340925725	-242.019979595127495
<search_likelihood>-10067.050609108659046</search_likelihood>
161.239498936072181	-49.748163896793756	20.000000000000000
<search_likelihood_all>-130.162377757692099	-76.467922763288627	-49.748163896793756	-256.378464417774467
<search_likelihood>-10727.210233142570360</search_likelihood>
159.644359268605314	-49.050016503073095	20.000000000000000
<search_likelihood_all>-93.567681043479880	-63.585582258497027	-49.050016503073095	-206.203279805049988
<search_likelihood>-8913.042836649590754</search_likelihood>
161.960586025893605	-50.064085653540516	20.000000000000000
<search_likelihood_all>-143.283986880175803	-83.993565211277271	-50.064085653540516	-277.341637744993591
<search_likelihood>-11778.667412020236952</search_likelihood>
159.345408367870647	-48.919284662601044	20.000000000000000
<search_likelihood_all>-30.704074980379307	-51.805631051029174	-48.919284662601044	-131.428990694009542
<search_likelihood>-7225.227642543555703</search_likelihood>
161.032521315437322	-49.657519989917304	20.000000000000000
<search_likelihood_all>-151.439783624333955	-86.823109167702313	-49.657519989917304	-287.920412781953587
<search_likelihood>-12176.698568124915255</search_likelihood>
161.548529201428011	-49.883531456895625	20.000000000000000
<search_likelihood_all>-129.698789414410754	-78.875287960351002	-49.883531456895625	-258.457608831657410
<search_likelihood>-11058.932384367995837</search_likelihood>
162.941621541645759	-50.494213640318165	20.000000000000000
<search_likelihood_all>-156.434361646158578	-87.323746498486400	-50.494213640318165	-294.252321784963158
<search_likelihood>-12251.583264732877069</search_likelihood>
160.112462872616305	-49.254789559106840	20.000000000000000
<search_likelihood_all>-127.272687418983523	-76.637610755456222	-49.254789559106840	-253.165087733546557
<search_likelihood>-10747.232408765154105</search_likelihood>
161.666879497849038	-49.935383296963948	20.000000000000000
<search_likelihood_all>-26.928636250034209	-50.243345170381652	-49.935383296963948	-127.107364717379809
<search_likelihood>-7006.980594772053337</search_likelihood>
162.215005412785700	-50.175598949981548	20.000000000000000
<search_likelihood_all>-149.217909512431106	-88.386869520452123	-50.175598949981548	-287.780377982864820
<search_likelihood>-12390.685856110982058</search_likelihood>
162.613405258219132	-50.350268995870081	20.000000000000000
<search_likelihood_all>-145.353417954187847	-85.228695925943214	-50.350268995870081	-280.932382876001157
<search_likelihood>-11951.385883631879551</search_likelihood>
161.559872231504471	-49.888500852766981	20.000000000000000
<search_likelihood_all>-130.502410012094600	-75.119556540534617	-49.888500852766981	-255.510467405396184
<search_likelihood>-10541.709054386878051</search_likelihood>
163.031377792011256	-50.533584790824037	20.000000000000000
<search_likelihood_all>-146.610167732772624	-85.458971191108461	-50.533584790824037	-282.602723714705121
<search_likelihood>-11984.588054745454428</search_likelihood>
160.225226134696271	-49.304130915423784	20.000000000000000
<search_likelihood_all>-139.931276275518144	-81.280418941697747	-49.304130915423784	-270.515826132639688
<search_likelihood>-11400.327675011320025</search_likelihood>
161.057480820772270	-49.668449895944434	20.000000000000000
<search_likelihood_all>-154.321238384411544	-86.866420989509237	-49.668449895944434	-290.856109269865215
<search_likelihood>-12185.564997178180420</search_likelihood>
161.761440455917494	-49.976816362217193	20.000000000000000
<search_likelihood_all>-146.611423022567408	-85.669363813304074	-49.976816362217193	-282.257603198088646
<search_likelihood>-12013.052213633622159</search_likelihood>
162.065189308725536	-50.109930815600322	20.000000000000000
<search_likelihood_all>-125.242147301193654	-73.626506368068675	-50.109930815600322	-248.978584484862665
<search_likelihood>-10330.732266815921321</search_likelihood>
161.572664789393002	-49.894105347757019	20.000000000000000
<search_likelihood_all>-135.612842352311560	-78.965249747262519	-49.894105347757019	-264.472197447331098
<search_likelihood>-11077.265533529380264</search_likelihood>
160.815230525075407	-49.562377303525437	20.000000000000000
<search_likelihood_all>-135.789062644281017	-85.965610261460995	-49.562377303525437	-271.317050209267450
<search_likelihood>-12042.676993252769535</search_likelihood>
159.068964155394355	-48.798426363137239	20.000000000000000
<search_likelihood_all>-31.958027676561905	-48.212151502807671	-48.798426363137239	-128.968605542506793
<search_likelihood>-6730.708385461446596</search_likelihood>
160.921845211369600	-49.609057204687332	20.000000000000000
<search_likelihood_all>-35.220976981223401	-52.476985210755409	-49.609057204687332	-137.307019396666135
<search_likelihood>-7323.034890841828201</search_likelihood>
161.884757361456195	-50.030854338531825	20.000000000000000
<search_likelihood_all>-146.357113447700641	-83.449020761164334	-50.030854338531825	-279.836988547396800
<search_likelihood>-11706.597727946829764</search_likelihood>
160.805496329388262	-49.558115527097883	20.000000000000000
<search_likelihood_all>-145.406675397012236	-85.145258064110607	-49.558115527097883	-280.110048988220740
<search_likelihood>-11939.138317008331796</search_likelihood>
161.044087215127888	-49.662584731771744	20.000000000000000
<search_likelihood_all>-131.391584916034589	-85.166102650390428	-49.662584731771744	-266.220272298196733
<search_likelihood>-11928.102811080969332</search_likelihood>
161.602629224699257	-49.907233188794905	20.000000000000000
<search_likelihood_all>-45.763592299097930	-55.027336912690089	-49.907233188794905	-150.698162400582930
<search_likelihood>-7685.648330686524787</search_likelihood>
161.503699388714864	-49.863891941576995	20.000000000000000
<search_likelihood_all>-88.945695554822564	-64.642248449278242	-49.863891941576995	-203.451835945677772
<search_likelihood>-9054.981787396847722</search_likelihood>
162.900146207940452	-50.476021708115539	20.000000000000000
<search_likelihood_all>-148.064616558560317	-84.647943724032558	-50.476021708115539	-283.188581990708428
<search_likelihood>-11874.119082960820379</search_likelihood>
159.794030119340647	-49.115481053388791	20.000000000000000
<search_likelihood_all>-54.052763003055667	-56.768953567036895	-49.115481053388791	-159.937197623481353
<search_likelihood>-7933.368736061533127</search_likelihood>
161.850275291663479	-50.015743568601891	20.000000000000000
<search_likelihood_all>-120.249349737756006	-72.478362709165268	-50.015743568601891	-242.743456015523151
<search_likelihood>-10167.280639398119092</search_likelihood>
161.280233942632890	-49.766005352665246	20.000000000000000
<search_likelihood_all>-28.698211508134001	-49.065416570908958	-49.766005352665246	-127.529633431708206
<search_likelihood>-6846.107881813758468</search_likelihood>
162.770047708616204	-50.418962044769572	20.000000000000000
<search_likelihood_all>-129.805082474559896	-77.986409993736203	-50.418962044769572	-258.210454513065656
<search_likelihood>-10936.970250551908975</search_likelihood>
161.028950106238739	-49.655956157216579	20.000000000000000
<search_likelihood_all>-138.883019303811238	-82.380211593330117	-49.655956157216579	-270.919187054357906
<search_likelihood>-11551.326781437595855</search_likelihood>
159.672223791893799	-49.062203504694068	20.000000000000000
<search_likelihood_all>-68.182637541786590	-59.603509610973397	-49.062203504694068	-176.848350657454034
<search_likelihood>-8338.418580491086686</search_likelihood>
161.527261211312435	-49.874214056319843	20.000000000000000
<search_likelihood_all>-33.784915047775556	-53.276181823762734	-49.874214056319843	-136.935310927858154
<search_likelihood>-7432.098001347230820</search_likelihood>
161.557838409872659	-49.887609829302022	20.000000000000000
<search_likelihood_all>-34.869971607702212	-52.969876357500731	-49.887609829302022	-137.727457794504971
<search_likelihood>-7390.947423850898303</search_likelihood>
160.832782568584861	-49.570061943221987	20.000000000000000
<search_likelihood_all>-137.144816192937128	-83.750697133533109	-49.570061943221987	-270.465575269692181
<search_likelihood>-11738.535172416586647</search_likelihood>
162.302959958908701	-50.214155595671869	20.000000000000000
<search_likelihood_all>-132.987876555718373	-79.127680195376186	-50.214155595671869	-262.329712346766428
<search_likelihood>-11097.364817720517749</search_likelihood>
161.007206845677189	-49.646434888385926	20.000000000000000
<search_likelihood_all>-140.290863944388519	-84.565605879643059	-49.646434888385926	-274.502904712417489
<search_likelihood>-11854.158799473196268</search_likelihood>
160.946857810016979	-49.620009292715352	20.000000000000000
<search_likelihood_all>-29.162534880880017	-51.940523604382115	-49.620009292715352	-130.723067777977462
<search_likelihood>-7242.992696502163199</search_likelihood>
161.335744232872486	-49.790319236685619	20.000000000000000
<search_likelihood_all>-133.576234397025786	-82.243601095933627	-49.790319236685619	-265.610154729645046
<search_likelihood>-11527.311532383175290</search_likelihood>
161.042390548110518	-49.661841753013064	20.000000000000000
<search_likelihood_all>-34.342121316170434	-54.203398390193563	-49.661841753013064	-138.207361459377069
<search_likelihood>-7560.334775509674728</search_likelihood>
162.590528520630158	-50.340237543490232	20.000000000000000
<search_likelihood_all>-104.363747463934317	-68.261312067824818	-50.340237543490232	-222.965297075249339
<search_likelihood>-9570.057373672916583</search_likelihood>
159.940553749014327	-49.179577538772804	20.000000000000000
<search_likelihood_all>-126.028903302997776	-83.249071047477869	-49.179577538772804	-258.457551889248407
<search_likelihood>-11657.838970149063243</search_likelihood>
160.676957348069124	-49.501842677418153	20.000000000000000
<search_likelihood_all>-127.320153073562935	-81.033555713169761	-49.501842677418153	-257.855551464150835
<search_likelihood>-11353.864163084739630</search_likelihood>
161.505544649521880	-49.864700317615274	20.000000000000000
<search_likelihood_all>-102.016970474936059	-71.038686492639997	-49.864700317615274	-222.920357285191329
<search_likelihood>-9950.321187018758792</search_likelihood>
163.123475491712128	-50.573986157509864	20.000000000000000
<search_likelihood_all>-127.212923539400450	-80.694128000020868	-50.573986157509864	-258.481037696931196
<search_likelihood>-11308.011461423926448</search_likelihood>
161.481711465618190	-49.854259522834724	20.000000000000000
<search_likelihood_all>-123.912395930697215	-76.552676536026311	-49.854259522834724	-250.319331989558265
<search_likelihood>-10732.756522491645228</search_likelihood>
162.608347470352982	-50.348051138196055	20.000000000000000
<search_likelihood_all>-129.219380329414122	-80.675351444023448	-50.348051138196055	-260.242782911633640
<search_likelihood>-11307.202113401879615</search_likelihood>
161.955006036633250	-50.061640192449175	20.000000000000000
<search_likelihood_all>-136.014391005366662	-83.489122471917256	-50.061640192449175	-269.565153669733093
<search_likelihood>-11701.817061807090795</search_likelihood>
161.684816898912004	-49.943242530541568	20.000000000000000
<search_likelihood_all>-124.445253989764325	-78.215657467916046	-49.943242530541568	-252.604153988221924
<search_likelihood>-10962.755043819071943</search_likelihood>
161.050034216698691	-49.665188961516435	20.000000000000000
<search_likelihood_all>-30.263561210200724	-54.086066041046955	-49.665188961516435	-134.014816212764117
<search_likelihood>-7540.075790316124767</search_likelihood>
161.951169629966785	-50.059958872939418	20.000000000000000
<search_likelihood_all>-139.154258186662929	-83.690192802398911	-50.059958872939418	-272.904409862001273
<search_likelihood>-11732.689086356003827</search_likelihood>
162.223201610762771	-50.179191794175722	20.000000000000000
<search_likelihood_all>-113.349326835981927	-74.101901168510153	-50.179191794175722	-237.630419798667788
<search_likelihood>-10384.480403941901386</search_likelihood>
164.336378274568403	-51.106357730253222	20.000000000000000
<search_likelihood_all>-130.006176606200995	-80.694128000020868	-51.106357730253222	-261.806662336475085
<search_likelihood>-11311.337086063471361</search_likelihood>
162.169751745640724	-50.155762239338074	20.000000000000000
<search_likelihood_all>-129.544492963563812	-83.050047876035435	-50.155762239338074	-262.750303078937293
<search_likelihood>-11634.879272587098967</search_likelihood>
162.028044340477919	-50.093650571150391	20.000000000000000
<search_likelihood_all>-129.559798886711206	-80.806964875945965	-50.093650571150391	-260.460414333807535
<search_likelihood>-11325.441708209029457</search_likelihood>
162.342501125317682	-50.231490218954278	20.000000000000000
<search_likelihood_all>-104.228641835941232	-72.708330323086443	-50.231490218954278	-227.168462377981939
<search_likelihood>-10183.195349032335798</search_likelihood>
162.254245153039079	-50.192800116925966	20.000000000000000
<search_likelihood_all>-62.077517536266924	-61.138600733119354	-50.192800116925966	-173.408918386312223
<search_likelihood>-8545.180763600688806</search_likelihood>
161.386563590279195	-49.812579498283625	20.000000000000000
<search_likelihood_all>-130.302591876150302	-80.788137564931205	-49.812579498283625	-260.903308939365161
<search_likelihood>-11323.306559640806881</search_likelihood>
161.622948611032427	-49.916135593692658	20.000000000000000
<search_likelihood_all>-117.149745013224944	-80.488049048589431	-49.916135593692658	-247.553929655507034
<search_likelihood>-11268.865749377871907</search_likelihood>
162.934867431881571	-50.491251105046643	20.000000000000000
<search_likelihood_all>-86.743034298169519	-67.598652216547606	-50.491251105046643	-204.832937619763783
<search_likelihood>-9461.186315271850617</search_likelihood>
162.434493918843316	-50.271821633443736	20.000000000000000
<search_likelihood_all>-104.359849356208585	-73.863473951276404	-50.271821633443736	-228.495144940928697
<search_likelihood>-10342.697043579501042</search_likelihood>
162.458393349028540	-50.282300129487552	20.000000000000000
<search_likelihood_all>-101.161465455118361	-72.234583922872815	-50.282300129487552	-223.678349507478742
<search_likelihood>-10114.834651498096719</search_likelihood>
161.924852122626248	-50.048425278628329	20.000000000000000
<search_likelihood_all>-99.235929099864137	-72.310597164566403	-50.048425278628329	-221.594951543058869
<search_likelihood>-10123.159825353168344</search_likelihood>
161.859585552109905	-50.019823476283236	20.000000000000000
<search_likelihood_all>-29.553064550502718	-56.101434286500464	-50.019823476283236	-135.674322313286439
<search_likelihood>-7817.701755130296988</search_likelihood>
161.590085111724648	-49.901737394421474	20.000000000000000
<search_likelihood_all>-107.658850620034144	-76.501802656922038	-49.901737394421474	-234.062390671377642
<search_likelihood>-10709.533368279562637</search_likelihood>
162.235051391393284	-50.184386249649123	20.000000000000000
<search_likelihood_all>-116.364021457851862	-76.688658150029553	-50.184386249649123	-243.237065857530553
<search_likelihood>-10744.294359435714796</search_likelihood>
161.836530690354920	-50.009720521056650	20.000000000000000
<search_likelihood_all>-37.731056698352845	-56.390002932571207	-50.009720521056650	-144.130780151980701
<search_likelihood>-7865.672216194747307</search_likelihood>
161.628168229379071	-49.918422457757657	20.000000000000000
<search_likelihood_all>-108.026682790378572	-73.831794245277919	-49.918422457757657	-231.776899493414163
<search_likelihood>-10341.640863217504375</search_likelihood>
162.161369105085214	-50.152087837728843	20.000000000000000
<search_likelihood_all>-119.138006370912592	-79.637163526007242	-50.152087837728843	-248.927257734648663
<search_likelihood>-11153.726442623432376</search_likelihood>
161.798322303472219	-49.992977531095505	20.000000000000000
<search_likelihood_all>-104.324322282520782	-72.570183504089044	-49.992977531095505	-226.887483317705346
<search_likelihood>-10163.997783136243015</search_likelihood>
162.485373006061280	-50.294129384090027	20.000000000000000
<search_likelihood_all>-99.420733564553188	-71.319297097685634	-50.294129384090027	-221.034160046328850
<search_likelihood>-9986.859290215626970</search_likelihood>
162.705117679780699	-50.390486891121640	20.000000000000000
<search_likelihood_all>-99.188697416030195	-71.587083546011129	-50.390486891121640	-221.166267853162964
<search_likelihood>-10023.659673412133998</search_likelihood>
161.372949271446487	-49.806615958856668	20.000000000000000
<search_likelihood_all>-60.097290580328441	-60.773012521050667	-49.806615958856668	-170.676919060235775
<search_likelihood>-8492.388392201344686</search_likelihood>
162.541331587392676	-50.318665352647500	20.000000000000000
<search_likelihood_all>-94.579644129139524	-70.022653415269147	-50.318665352647500	-214.920962897056143
<search_likelihood>-9803.195332277531634</search_likelihood>
161.130637273781304	-49.700486896366556	20.000000000000000
<search_likelihood_all>-114.326496664518771	-79.692126439207726	-49.700486896366556	-243.719110000093053
<search_likelihood>-11156.044423451605326</search_likelihood>
163.250581550343725	-50.629750205911577	20.000000000000000
<search_likelihood_all>-73.838475073063393	-64.753406857192800	-50.629750205911577	-189.221632136167784
<search_likelihood>-9055.972619374533679</search_likelihood>
162.844269858636295	-50.451514220044487	20.000000000000000
<search_likelihood_all>-106.708111293550544	-76.113914011812994	-50.451514220044487	-233.273539525408012
<search_likelihood>-10655.630523694697331</search_likelihood>
162.772168895851792	-50.419892321204060	20.000000000000000
<search_likelihood_all>-101.864766798927931	-75.481251210058105	-50.419892321204060	-227.765910330190110
<search_likelihood>-10563.491722576422035</search_likelihood>
159.170426231114220	-48.842780938357876	20.000000000000000
<search_likelihood_all>-23.451992899195833	-52.348476134154510	-48.842780938357876	-124.643249971708215
<search_likelihood>-7292.774240617485702</search_likelihood>
160.371413621796108	-49.368104944098164	20.000000000000000
<search_likelihood_all>-24.140210221115222	-52.152380710052064	-49.368104944098164	-125.660695875265446
<search_likelihood>-7266.940137241359480</search_likelihood>
162.799425775292207	-50.431846359351766	20.000000000000000
<search_likelihood_all>-110.734466335225136	-77.427577744777750	-50.431846359351766	-238.593890439354652
<search_likelihood>-10840.832208525989699</search_likelihood>
162.298673433888979	-50.212276443048040	20.000000000000000
<search_likelihood_all>-105.727781943833463	-76.063597772247192	-50.212276443048040	-232.003656159128695
<search_likelihood>-10647.470785593390247</search_likelihood>
162.660992038897035	-50.371136439290808	20.000000000000000
<search_likelihood_all>-104.588201957855830	-74.858582554626210	-50.371136439290808	-229.817920951772862
<search_likelihood>-10480.281070069728230</search_likelihood>
162.841717995344140	-50.450394995373074	20.000000000000000
<search_likelihood_all>-35.070549684044686	-57.410357241575305	-50.450394995373074	-142.931301920993064
<search_likelihood>-8004.190909034631659</search_likelihood>
163.393883635104828	-50.692627054376217	20.000000000000000
<search_likelihood_all>-58.726034846933679	-61.768151936194855	-50.692627054376217	-171.186813837504758
<search_likelihood>-8629.163756548874517</search_likelihood>
161.672092171206401	-49.937667205861601	20.000000000000000
<search_likelihood_all>-24.546401553497354	-53.915325727825497	-49.937667205861601	-128.399394487184452
<search_likelihood>-7511.080720873220343</search_likelihood>
162.431955394805385	-50.270708652508489	20.000000000000000
<search_likelihood_all>-101.182903466888803	-76.450993609933320	-50.270708652508489	-227.904605729330598
<search_likelihood>-10696.418247972267636</search_likelihood>
161.659807584920713	-49.932284787404853	20.000000000000000
<search_likelihood_all>-98.550638133841900	-72.447804860969939	-49.932284787404853	-220.930727782216707
<search_likelihood>-10141.283593399857637</search_likelihood>
