168.696277744687336	-53.024462358267002	20.000000000000000
<search_likelihood_all>-108.415016675263971	-17.913732277374042	-53.024462358267002	-179.353211310905010
<search_likelihood>-2632.299103498915883</search_likelihood>
166.639585766520156	-52.118782507289779	20.000000000000000
<search_likelihood_all>-477.894344301307569	-674.863837838968493	-52.118782507289779	-1204.876964647565728
<search_likelihood>-93614.680414942180505</search_likelihood>
157.112342383224529	-47.943882866744104	20.000000000000000
<search_likelihood_all>-456.286752743121269	-568.430879583177102	-47.943882866744104	-1072.661515193042533
<search_likelihood>-78908.489888461874216</search_likelihood>
160.935876453251524	-49.615200934668636	20.000000000000000
<search_likelihood_all>-447.841812640981061	-466.564062121188272	-49.615200934668636	-964.021075696838011
<search_likelihood>-64851.120754429204680</search_likelihood>
177.189287925156805	-56.779780853577734	20.000000000000000
<search_likelihood_all>-116.185037021045545	-445.018965267541944	-56.779780853577734	-617.983783142165294
<search_likelihood>-61554.891061673508375</search_likelihood>
158.308628123335637	-48.466172094338901	20.000000000000000
<search_likelihood_all>-424.378539684741838	-392.579216096335699	-48.466172094338901	-865.423927875416439
<search_likelihood>-54621.702104377109208</search_likelihood>
167.910834985123216	-52.678409284375874	20.000000000000000
<search_likelihood_all>-112.612235973137203	-325.804879240073205	-52.678409284375874	-491.095524497586325
<search_likelihood>-45103.894678371056216</search_likelihood>
174.549123074987079	-55.609822176836417	20.000000000000000
<search_likelihood_all>-109.397378155689054	-287.407095290702841	-55.609822176836417	-452.414295623228327
<search_likelihood>-39807.365171463949082</search_likelihood>
166.985098916304509	-52.270826389795999	20.000000000000000
<search_likelihood_all>-104.268353268460331	-287.175209390818111	-52.270826389795999	-443.714389049074441
<search_likelihood>-39766.912888736609602</search_likelihood>
168.518277285928804	-52.946019234008816	20.000000000000000
<search_likelihood_all>-107.859640464367772	-278.413900821969037	-52.946019234008816	-439.219560520345624
<search_likelihood>-38562.723014452727512</search_likelihood>
165.646070555807142	-51.681823942452851	20.000000000000000
<search_likelihood_all>-99.332461765102522	-268.741623648531686	-51.681823942452851	-419.755909356087045
<search_likelihood>-37218.824444125719310</search_likelihood>
167.274477001053555	-52.398200855243317	20.000000000000000
<search_likelihood_all>-109.377087941920138	-270.580930420184131	-52.398200855243317	-432.356219217347586
<search_likelihood>-37483.282932960486505</search_likelihood>
170.529800676904216	-53.833122419198148	20.000000000000000
<search_likelihood_all>-101.117409804668085	-269.556005639632588	-53.833122419198148	-424.506537863498806
<search_likelihood>-37335.089241138710349</search_likelihood>
169.126827420829159	-53.214247530138451	20.000000000000000
<search_likelihood_all>-103.891325980906871	-219.882431397496759	-53.214247530138451	-376.988004908542052
<search_likelihood>-30485.716800751972187</search_likelihood>
147.878624202318633	-43.932716531184056	20.000000000000000
<search_likelihood_all>-99.106687522821090	-193.416804854252177	-43.932716531184056	-336.456208908257281
<search_likelihood>-26821.219383950854535</search_likelihood>
144.532798041866073	-42.488657177817004	20.000000000000000
<search_likelihood_all>-98.949904080835964	-181.263399503378821	-42.488657177817004	-322.701960762031774
<search_likelihood>-25143.286768621248484</search_likelihood>
156.447235466185816	-47.653752473028149	20.000000000000000
<search_likelihood_all>-88.923237657921447	-181.448848065335881	-47.653752473028149	-318.025838196285463
<search_likelihood>-25164.004309487620048</search_likelihood>
158.392070034762014	-48.502623600768118	20.000000000000000
<search_likelihood_all>-88.960050677060707	-175.088492153095274	-48.502623600768118	-312.551166430924070
<search_likelihood>-24287.599522980624897</search_likelihood>
157.163745137165961	-47.966313059145520	20.000000000000000
<search_likelihood_all>-95.738308656458798	-172.616373508813780	-47.966313059145520	-316.320995224418141
<search_likelihood>-23952.859588448540308</search_likelihood>
144.034919094619141	-42.274224643931618	20.000000000000000
<search_likelihood_all>-93.647559751838500	-173.376122047957409	-42.274224643931618	-309.297906443727527
<search_likelihood>-24049.869653079549607</search_likelihood>
156.506061995819181	-47.679406293173471	20.000000000000000
<search_likelihood_all>-86.042428720215753	-169.804988935052705	-47.679406293173471	-303.526823948441915
<search_likelihood>-23555.099619158587302</search_likelihood>
147.295436836163049	-43.680637710824172	20.000000000000000
<search_likelihood_all>-89.642382749504435	-155.289672171404590	-43.680637710824172	-288.612692631733182
<search_likelihood>-21552.588147550617578</search_likelihood>
160.397123255615099	-49.379356758785292	20.000000000000000
<search_likelihood_all>-89.411422403936683	-149.264565900591236	-49.379356758785292	-288.055345063313212
<search_likelihood>-20727.006765451169485</search_likelihood>
163.210867804676013	-50.612326315345129	20.000000000000000
<search_likelihood_all>-82.428970180286740	-144.982323074444452	-50.612326315345129	-278.023619570076335
<search_likelihood>-20130.603099867283163</search_likelihood>
148.231007508857772	-44.085107305647242	20.000000000000000
<search_likelihood_all>-85.146765756971860	-144.096227378227269	-44.085107305647242	-273.328100440846356
<search_likelihood>-20004.573580404306995</search_likelihood>
146.285698078765336	-43.244556317378141	20.000000000000000
<search_likelihood_all>-78.235492803079055	-139.271205793484825	-43.244556317378141	-260.751254913942034
<search_likelihood>-19331.301537876985094</search_likelihood>
153.589388762405633	-46.409189769251682	20.000000000000000
<search_likelihood_all>-84.033965962065594	-137.697514218567534	-46.409189769251682	-268.140669949884796
<search_likelihood>-19123.203737602700130</search_likelihood>
154.617957616858831	-46.856728696407444	20.000000000000000
<search_likelihood_all>-83.540541015509987	-138.452801979010047	-46.856728696407444	-268.850071690927507
<search_likelihood>-19227.335473713301326</search_likelihood>
152.872100574660521	-46.097356744470403	20.000000000000000
<search_likelihood_all>-81.159173472009087	-131.348034807134155	-46.097356744470403	-258.604565023613645
<search_likelihood>-18244.226848441881884</search_likelihood>
150.955544795951539	-45.265241252072229	20.000000000000000
<search_likelihood_all>-79.634638489876039	-129.043223131603952	-45.265241252072229	-253.943102873552220
<search_likelihood>-17923.965139273524983</search_likelihood>
153.816528128839877	-46.507981636214168	20.000000000000000
<search_likelihood_all>-71.886454721964114	-124.974992459177230	-46.507981636214168	-243.369428817355498
<search_likelihood>-17356.324430727450817</search_likelihood>
151.268720120591468	-45.401104209390724	20.000000000000000
<search_likelihood_all>-75.436734586974140	-124.489735427088476	-45.401104209390724	-245.327574223453325
<search_likelihood>-17291.835828739604040</search_likelihood>
149.518108358391743	-44.642201798349276	20.000000000000000
<search_likelihood_all>-75.804181504651609	-120.490161128065878	-44.642201798349276	-240.936544431066750
<search_likelihood>-16739.778952691398445</search_likelihood>
154.271144994265313	-46.705777872558784	20.000000000000000
<search_likelihood_all>-217.184692824617855	-112.844489240987130	-46.705777872558784	-376.734959938163740
<search_likelihood>-15828.647607385057199</search_likelihood>
155.743764750755673	-47.347083879285961	20.000000000000000
<search_likelihood_all>-195.919758872967890	-114.608627889880054	-47.347083879285961	-357.875470642133905
<search_likelihood>-16051.353448252948510</search_likelihood>
155.452429902382391	-47.220140008824600	20.000000000000000
<search_likelihood_all>-190.913843582050532	-108.929375517634071	-47.220140008824600	-347.063359108509189
<search_likelihood>-15262.875434299023254</search_likelihood>
154.157186748882111	-46.656188359629994	20.000000000000000
<search_likelihood_all>-169.924571080534946	-103.168917962807825	-46.656188359629994	-319.749677402972736
<search_likelihood>-14446.776340517106291</search_likelihood>
158.070964381309693	-48.362364187725717	20.000000000000000
<search_likelihood_all>-41.262384640876846	-47.623901085015625	-48.362364187725717	-137.248649913618181
<search_likelihood>-6658.438691589378323</search_likelihood>
158.174465115199439	-48.407568958881271	20.000000000000000
<search_likelihood_all>-98.377082399617322	-62.397990252075608	-48.407568958881271	-209.182641610574194
<search_likelihood>-8753.403996472374274</search_likelihood>
157.072461017837924	-47.926480904266995	20.000000000000000
<search_likelihood_all>-163.758982191321337	-95.154666136082326	-47.926480904266995	-306.840129231670687
<search_likelihood>-13336.466999106942239</search_likelihood>
157.595700657647399	-48.154844094757607	20.000000000000000
<search_likelihood_all>-160.308674714916663	-90.920963850569819	-48.154844094757607	-299.384482660244089
<search_likelihood>-12749.286118888268902</search_likelihood>
154.567149333092516	-46.834611147770971	20.000000000000000
<search_likelihood_all>-142.087168023946930	-96.333642113894598	-46.834611147770971	-285.255421285612499
<search_likelihood>-13476.320691433042157</search_likelihood>
158.268393986237442	-48.448596848758925	20.000000000000000
<search_likelihood_all>-161.870106650728786	-91.660916974021021	-48.448596848758925	-301.979620473508760
<search_likelihood>-12853.203803364454870</search_likelihood>
156.907902984713843	-47.854683947544203	20.000000000000000
<search_likelihood_all>-142.254970355871706	-83.169350963411915	-47.854683947544203	-273.279005266827824
<search_likelihood>-11661.744269946439090</search_likelihood>
158.382976316082079	-48.498650885053863	20.000000000000000
<search_likelihood_all>-141.168624047527061	-87.719485962456318	-48.498650885053863	-277.386760895037241
<search_likelihood>-12288.906718030002594</search_likelihood>
159.654379322671105	-49.054398901314642	20.000000000000000
<search_likelihood_all>-115.037880509253540	-84.958101757759323	-49.054398901314642	-249.050381168327505
<search_likelihood>-11882.451142549783981</search_likelihood>
157.369336311221531	-48.056035858892045	20.000000000000000
<search_likelihood_all>-110.990028594175953	-82.399763250390507	-48.056035858892045	-241.445827703458491
<search_likelihood>-11524.530650713828436</search_likelihood>
157.251787354590306	-48.004733794426542	20.000000000000000
<search_likelihood_all>-90.874045205766222	-81.280418941697747	-48.004733794426542	-220.159197941890511
<search_likelihood>-11349.971046820572155</search_likelihood>
158.190027737668686	-48.414366428829439	20.000000000000000
<search_likelihood_all>-107.466227728676245	-81.663060597949197	-48.414366428829439	-237.543654755454895
<search_likelihood>-11419.751021460842821</search_likelihood>
159.031198381270059	-48.781917934107469	20.000000000000000
<search_likelihood_all>-103.677590724908654	-80.788137564931205	-48.781917934107469	-233.247646223947328
<search_likelihood>-11295.650896925388224</search_likelihood>
159.825136083997563	-49.129087596451754	20.000000000000000
<search_likelihood_all>-84.533930785106477	-69.936842149643212	-49.129087596451754	-203.599860531201443
<search_likelihood>-9780.124004539242378</search_likelihood>
160.057508306113590	-49.230745112910128	20.000000000000000
<search_likelihood_all>-108.352107334642156	-81.280418941697747	-49.230745112910128	-238.863271389250031
<search_likelihood>-11368.675120267931561</search_likelihood>
158.769211366320633	-48.667411949383649	20.000000000000000
<search_likelihood_all>-85.775079113621359	-76.876391643026949	-48.667411949383649	-211.318882706031957
<search_likelihood>-10738.082717687411787</search_likelihood>
159.388216880134109	-48.938002756424837	20.000000000000000
<search_likelihood_all>-86.475470639213626	-71.811700100049521	-48.938002756424837	-207.225173495688011
<search_likelihood>-10040.475556161090935</search_likelihood>
157.440433363794654	-48.087067558788149	20.000000000000000
<search_likelihood_all>-82.305856473988740	-76.063597772247192	-48.087067558788149	-206.456521805024067
<search_likelihood>-10621.923651239287210</search_likelihood>
159.950114523971280	-49.183760173587146	20.000000000000000
<search_likelihood_all>-92.093013941702552	-73.406641231847956	-49.183760173587146	-214.683415347137668
<search_likelihood>-10266.330737128801047</search_likelihood>
160.036367894127238	-49.221495795168110	20.000000000000000
<search_likelihood_all>-77.049920316287299	-72.508945078431339	-49.221495795168110	-198.780361189886719
<search_likelihood>-10127.505220033017395</search_likelihood>
160.117223614538375	-49.256872597114480	20.000000000000000
<search_likelihood_all>-73.307380132177641	-72.037658354338376	-49.256872597114480	-194.601911083630512
<search_likelihood>-10058.792991258722395</search_likelihood>
160.272627926877504	-49.324873801535475	20.000000000000000
<search_likelihood_all>-71.531280682771367	-72.173882590574920	-49.324873801535475	-193.030037074881761
<search_likelihood>-10075.874442839467520</search_likelihood>
161.004493444227563	-49.645246715788957	20.000000000000000
<search_likelihood_all>-63.594063680960197	-68.261312067824818	-49.645246715788957	-181.500622464573951
<search_likelihood>-9528.592699062241081</search_likelihood>
161.034730250027593	-49.658487284955427	20.000000000000000
<search_likelihood_all>-60.237750789436305	-70.252458511734943	-49.658487284955427	-180.148696586126675
<search_likelihood>-9799.890515555074671</search_likelihood>
160.500132337307548	-49.424441233181270	20.000000000000000
<search_likelihood_all>-31.108722282699347	-61.836299836925868	-49.424441233181270	-142.369463352806463
<search_likelihood>-8609.677968609103118</search_likelihood>
160.920171477630760	-49.608324347465626	20.000000000000000
<search_likelihood_all>-47.389495177484363	-67.106207492434379	-49.608324347465626	-164.104027017384368
<search_likelihood>-9353.026439171069796</search_likelihood>
159.742133574454925	-49.092781023319631	20.000000000000000
<search_likelihood_all>-19.583333970202521	-58.156019861446211	-49.092781023319631	-126.832134854968359
<search_likelihood>-8090.196095882653935</search_likelihood>
158.966464116775825	-48.753622169233296	20.000000000000000
<search_likelihood_all>-22.791535651341775	-60.850232223569861	-48.753622169233296	-132.395390044144932
<search_likelihood>-8464.680636933659116</search_likelihood>
159.715083582281693	-49.080949524251409	20.000000000000000
<search_likelihood_all>-34.342911391289256	-64.140283981223916	-49.080949524251409	-147.564144896764560
<search_likelihood>-8930.359582463666811</search_likelihood>
160.536213516567926	-49.440234028760813	20.000000000000000
<search_likelihood_all>-33.625324278415832	-64.274250599083118	-49.440234028760813	-147.339808906259748
<search_likelihood>-8948.479434042777939</search_likelihood>
159.400821983018233	-48.943514496304758	20.000000000000000
<search_likelihood_all>-24.436484013145428	-62.259578140728749	-48.943514496304758	-135.639576650178924
<search_likelihood>-8660.908017920311977</search_likelihood>
159.440563831402756	-48.960892529024420	20.000000000000000
<search_likelihood_all>-23.423632376968275	-60.597170086012056	-48.960892529024420	-132.981694992004748
<search_likelihood>-8430.614881597311978</search_likelihood>
160.307454097695484	-49.340114189830231	20.000000000000000
<search_likelihood_all>-20.324559963398052	-60.806085088921911	-49.340114189830231	-130.470759242150194
<search_likelihood>-8456.710893314870191</search_likelihood>
160.200518050632638	-49.293319076823565	20.000000000000000
<search_likelihood_all>-21.301754494811036	-60.994109534936051	-49.293319076823565	-131.589183106570658
<search_likelihood>-8483.575699080054619</search_likelihood>
158.998466767826898	-48.767610527412401	20.000000000000000
<search_likelihood_all>-21.322755632106094	-61.373317932027028	-48.767610527412401	-131.463684091545531
<search_likelihood>-8535.375598163245741</search_likelihood>
159.623480368600525	-49.040884976853960	20.000000000000000
<search_likelihood_all>-19.912988445708795	-60.971934719766161	-49.040884976853960	-129.925808142328918
<search_likelihood>-8478.875903735135580</search_likelihood>
159.323804566817046	-48.909838638337774	20.000000000000000
<search_likelihood_all>-20.046233057307870	-60.905497288905259	-48.909838638337774	-129.861568984550900
<search_likelihood>-8469.714318441197975</search_likelihood>
160.846617335116974	-49.576119167799305	20.000000000000000
<search_likelihood_all>-19.144627929272080	-59.978080011015052	-49.576119167799305	-128.698827108086448
<search_likelihood>-8341.559369306043664</search_likelihood>
160.671359870689287	-49.499392313191734	20.000000000000000
<search_likelihood_all>-19.292087821817525	-60.291633454355932	-49.499392313191734	-129.083113589365212
<search_likelihood>-8384.878853149619317</search_likelihood>
159.721352676115231	-49.083691561540419	20.000000000000000
<search_likelihood_all>-19.454675758219206	-59.913570366738405	-49.083691561540419	-128.451937686498013
<search_likelihood>-8332.479107559538534</search_likelihood>
160.222445054868047	-49.302913950172766	20.000000000000000
<search_likelihood_all>-19.677604955903536	-59.945809704501094	-49.302913950172766	-128.926328610577400
<search_likelihood>-8337.368064354501257</search_likelihood>
159.890897309126956	-49.157854481884357	20.000000000000000
<search_likelihood_all>-19.624097818211911	-59.945809704501094	-49.157854481884357	-128.727762004597366
<search_likelihood>-8337.169497748522190</search_likelihood>
161.543790697912641	-49.881455527091077	20.000000000000000
<search_likelihood_all>-19.539008038366454	-59.935059820190013	-49.881455527091077	-129.355523385647530
<search_likelihood>-8336.325266350286256</search_likelihood>
160.327836967358735	-49.349034219407429	20.000000000000000
<search_likelihood_all>-18.927811285597304	-59.774223158155884	-49.349034219407429	-128.051068663160606
<search_likelihood>-8312.997281112711789</search_likelihood>
160.294291995344821	-49.334354226033142	20.000000000000000
<search_likelihood_all>-18.635299103304945	-59.667425384647004	-49.334354226033142	-127.637078713985090
<search_likelihood>-8297.959361556511794</search_likelihood>
160.202856309665890	-49.294342249136207	20.000000000000000
<search_likelihood_all>-18.064222773956438	-59.486646387797073	-49.294342249136207	-126.845211410889718
<search_likelihood>-8272.413239202000113</search_likelihood>
160.030236925417711	-49.218813416618076	20.000000000000000
<search_likelihood_all>-18.573800523722255	-59.275207262986790	-49.218813416618076	-127.067821203327128
<search_likelihood>-8243.683270904033634</search_likelihood>
158.627875362958065	-48.605649890359928	20.000000000000000
<search_likelihood_all>-17.427450196083523	-59.138485169623671	-48.605649890359928	-125.171585256067118
<search_likelihood>-8223.065537275913812</search_likelihood>
159.654635520742772	-49.054510953320190	20.000000000000000
<search_likelihood_all>-16.947460759280535	-59.138485169623671	-49.054510953320190	-125.140456882224399
<search_likelihood>-8223.034408902070936</search_likelihood>
159.680264389887071	-49.065720247382700	20.000000000000000
<search_likelihood_all>-16.081228110788317	-58.950096673647693	-49.065720247382700	-124.097045031818709
<search_likelihood>-8196.194765413025380</search_likelihood>
160.111373339503359	-49.254312840770993	20.000000000000000
<search_likelihood_all>-14.810970690934166	-58.319470607105252	-49.254312840770993	-122.384754138810408
<search_likelihood>-8108.130194856566959</search_likelihood>
159.411085325187884	-48.948002318026511	20.000000000000000
<search_likelihood_all>-15.170336289370535	-58.597128424814926	-48.948002318026511	-122.715467032211976
<search_likelihood>-8146.480879961179198</search_likelihood>
160.389877680235941	-49.376185708563838	20.000000000000000
<search_likelihood_all>-14.658553559836712	-58.648801661250886	-49.376185708563838	-122.683540929651429
<search_likelihood>-8153.524623578867249</search_likelihood>
160.279479437203776	-49.327872074852777	20.000000000000000
<search_likelihood_all>-13.927911284765134	-58.514617665380158	-49.327872074852777	-121.770401024998066
<search_likelihood>-8134.237530308605528</search_likelihood>
157.574067195349357	-48.145400176900893	20.000000000000000
<search_likelihood_all>-13.088182655750503	-58.196807247636158	-48.145400176900893	-119.430390080287552
<search_likelihood>-8088.379410092810758</search_likelihood>
159.314794802594719	-48.905899272409684	20.000000000000000
<search_likelihood_all>-12.918356512143047	-57.983230068283952	-48.905899272409684	-119.807485852836678
<search_likelihood>-8059.511161754751811</search_likelihood>
158.546614540922036	-48.570143524711298	20.000000000000000
<search_likelihood_all>-13.647500322906579	-57.993369321412203	-48.570143524711298	-120.211013169030082
<search_likelihood>-8061.303067490679496</search_likelihood>
159.053526562679735	-48.791678110716759	20.000000000000000
<search_likelihood_all>-14.282608957881243	-57.660399258263041	-48.791678110716759	-120.734686326861038
<search_likelihood>-8016.232805449706575</search_likelihood>
159.200940706717319	-48.856121265352400	20.000000000000000
<search_likelihood_all>-14.974998751949013	-57.680484372363829	-48.856121265352400	-121.511604389665237
<search_likelihood>-8019.759998964035731</search_likelihood>
160.252226517957695	-49.315946097198008	20.000000000000000
<search_likelihood_all>-14.768054346858404	-57.730750463779678	-49.315946097198008	-121.814750907836086
<search_likelihood>-8026.946133379184175</search_likelihood>
159.417553180858903	-48.950830519720071	20.000000000000000
<search_likelihood_all>-15.204054751612318	-57.660399258263041	-48.950830519720071	-121.815284529595431
<search_likelihood>-8017.313403652441593</search_likelihood>
159.717071073788105	-49.081818830966313	20.000000000000000
<search_likelihood_all>-15.442142692219527	-57.690531495091236	-49.081818830966313	-122.214493018277068
<search_likelihood>-8021.838650501287702</search_likelihood>
158.681501431582859	-48.629082875228022	20.000000000000000
<search_likelihood_all>-14.940047250908654	-57.590197058769888	-48.629082875228022	-121.159327184906559
<search_likelihood>-8007.044586508190150</search_likelihood>
158.255272069899291	-48.442865017619070	20.000000000000000
<search_likelihood_all>-15.672016194271198	-57.291004371308311	-48.442865017619070	-121.405885583198582
<search_likelihood>-7966.322380702690680</search_likelihood>
159.334881884944764	-48.914682050819422	20.000000000000000
<search_likelihood_all>-18.507064798215659	-57.291004371308311	-48.914682050819422	-124.712751220343392
<search_likelihood>-7969.629246339835845</search_likelihood>
159.108423024884843	-48.815675491532474	20.000000000000000
<search_likelihood_all>-18.975216437893465	-56.915869321619724	-48.815675491532474	-124.706761251045663
<search_likelihood>-7918.255625945938846</search_likelihood>
158.927153467905242	-48.736440040036697	20.000000000000000
<search_likelihood_all>-19.643250888916967	-56.778727654367039	-48.736440040036697	-125.158418583320710
<search_likelihood>-7899.928332910612880</search_likelihood>
159.198646854342485	-48.855118425556071	20.000000000000000
<search_likelihood_all>-21.007487217041664	-56.535238962770123	-48.855118425556071	-126.397844605367851
<search_likelihood>-7867.826600507441981</search_likelihood>
159.781304560659436	-49.109914678357725	20.000000000000000
<search_likelihood_all>-20.723922763754093	-56.690864799103615	-49.109914678357725	-126.524702241215437
<search_likelihood>-7889.263464904678585</search_likelihood>
157.791833508482256	-48.240472940697629	20.000000000000000
<search_likelihood_all>-20.930054925689472	-56.583793299202100	-48.240472940697629	-125.754321165589204
<search_likelihood>-7873.831672583918589</search_likelihood>
159.347353069286129	-48.920134970912414	20.000000000000000
<search_likelihood_all>-21.474044804549560	-56.651889533176629	-48.920134970912414	-127.046069308638607
<search_likelihood>-7884.447908489480142</search_likelihood>
160.921822361429918	-49.609047199657780	20.000000000000000
<search_likelihood_all>-21.623177707029541	-56.710369692082949	-49.609047199657780	-127.942594598770270
<search_likelihood>-7893.352182435369286</search_likelihood>
158.710520048485165	-48.641763617425497	20.000000000000000
<search_likelihood_all>-22.010114197436369	-56.671371417128029	-48.641763617425497	-127.323249231989891
<search_likelihood>-7887.392762935968676</search_likelihood>
158.462663610407333	-48.533464493234476	20.000000000000000
<search_likelihood_all>-23.053268573214286	-56.274272476169358	-48.533464493234476	-127.861005542618116
<search_likelihood>-7833.555350469118821</search_likelihood>
157.324486167111104	-48.036461185618791	20.000000000000000
<search_likelihood_all>-23.681318916478297	-55.996254982993825	-48.036461185618791	-127.714035085090913
<search_likelihood>-7795.339157066761800</search_likelihood>
159.531406152389138	-49.000617745548183	20.000000000000000
<search_likelihood_all>-24.607154408027689	-55.739500725865511	-49.000617745548183	-129.347272879441391
<search_likelihood>-7761.814768824679959</search_likelihood>
157.695059406360002	-48.198220794593311	20.000000000000000
<search_likelihood_all>-24.290472566466203	-55.815367895149784	-48.198220794593311	-128.304061256209309
<search_likelihood>-7771.160127174822264</search_likelihood>
158.336446000356062	-48.478323994488804	20.000000000000000
<search_likelihood_all>-24.173006769894961	-55.815367895149784	-48.478323994488804	-128.466698659533563
<search_likelihood>-7771.322764578146234</search_likelihood>
159.250004895823196	-48.877571931498750	20.000000000000000
<search_likelihood_all>-24.685034233055241	-55.692172225463757	-48.877571931498750	-129.254778390017748
<search_likelihood>-7755.241533814727518</search_likelihood>
158.004450918589782	-48.333316164824694	20.000000000000000
<search_likelihood_all>-24.420735568053363	-55.748974582536988	-48.333316164824694	-128.503026315415042
<search_likelihood>-7762.267787255220355</search_likelihood>
159.312336851104959	-48.904824580543703	20.000000000000000
<search_likelihood_all>-24.631227002885563	-55.730029590118498	-48.904824580543703	-129.266081173547775
<search_likelihood>-7760.436684703221545</search_likelihood>
157.687207058201295	-48.194792578008418	20.000000000000000
<search_likelihood_all>-25.124545477640559	-55.654358272042103	-48.194792578008418	-128.973696327691073
<search_likelihood>-7749.782547992491345</search_likelihood>
160.524465399039485	-49.435091801597622	20.000000000000000
<search_likelihood_all>-25.129320860763901	-55.287927079692473	-49.435091801597622	-129.852339742053999
<search_likelihood>-7700.485389171668430</search_likelihood>
159.390606911419610	-48.939047822879800	20.000000000000000
<search_likelihood_all>-25.680579760257380	-55.092291670257225	-48.939047822879800	-129.711919253394399
<search_likelihood>-7673.556409687581436</search_likelihood>
158.734735373555878	-48.652345642093920	20.000000000000000
<search_likelihood_all>-25.642753681572366	-55.484730054926928	-48.652345642093920	-129.779829378593206
<search_likelihood>-7727.361313796345712</search_likelihood>
158.101097827308649	-48.375524768488603	20.000000000000000
<search_likelihood_all>-25.513427912363280	-55.101581372971303	-48.375524768488603	-128.990534053823183
<search_likelihood>-7674.107073090685844</search_likelihood>
157.911077535317304	-48.292540761338699	20.000000000000000
<search_likelihood_all>-25.643216643945344	-55.110873693086710	-48.292540761338699	-129.046631098370767
<search_likelihood>-7675.435577141381145</search_likelihood>
156.723519042142641	-47.774249979498350	20.000000000000000
<search_likelihood_all>-26.288952869529204	-55.073720111038988	-47.774249979498350	-129.136922960066556
<search_likelihood>-7670.438390578543476</search_likelihood>
157.356376577394116	-48.050379549336640	20.000000000000000
<search_likelihood_all>-26.338145347173256	-55.073720111038988	-48.050379549336640	-129.462245007548887
<search_likelihood>-7670.763712626025153</search_likelihood>
158.039885462027087	-48.348791058528178	20.000000000000000
<search_likelihood_all>-26.192216058505188	-55.064438251539478	-48.348791058528178	-129.605445368572845
<search_likelihood>-7669.635938363857349</search_likelihood>
158.121262296411658	-48.384331668233145	20.000000000000000
<search_likelihood_all>-26.273044395631842	-55.018068095289749	-48.384331668233145	-129.675444159154722
<search_likelihood>-7663.356423690036536</search_likelihood>
157.710781506543015	-48.205084900547661	20.000000000000000
<search_likelihood_all>-26.291579906709412	-54.962509821343019	-48.205084900547661	-129.459174628600096
<search_likelihood>-7655.532502233880223</search_likelihood>
158.897120330556959	-48.723313392297712	20.000000000000000
<search_likelihood_all>-26.540880941794317	-54.907044967123703	-48.723313392297712	-130.171239301215735
<search_likelihood>-7648.649707040808607</search_likelihood>
159.983348398281805	-49.198299561609133	20.000000000000000
<search_likelihood_all>-26.551018915343029	-54.897809884659587	-49.198299561609133	-130.647128361611749
<search_likelihood>-7647.861026705860240</search_likelihood>
156.403663376664326	-47.634751914258615	20.000000000000000
<search_likelihood_all>-26.332811330999917	-54.732018928195451	-47.634751914258615	-128.699582173453962
<search_likelihood>-7623.211553341181570</search_likelihood>
158.252443580490052	-48.441629504065034	20.000000000000000
<search_likelihood_all>-26.404087154833512	-54.851673211403337	-48.441629504065034	-129.697389870301890
<search_likelihood>-7640.593745817978743</search_likelihood>
158.723584003159488	-48.647472497652743	20.000000000000000
<search_likelihood_all>-26.691188587982957	-54.741207714737328	-48.647472497652743	-130.079868800373049
<search_likelihood>-7625.850070014921585</search_likelihood>
157.714162724656717	-48.206561118309494	20.000000000000000
<search_likelihood_all>-26.974303762465723	-54.557916321221029	-48.206561118309494	-129.738781201996233
<search_likelihood>-7600.410702290571862</search_likelihood>
156.375799354000520	-47.622601607038249	20.000000000000000
<search_likelihood_all>-27.090086867980791	-54.521379861688857	-47.622601607038249	-129.234068336707878
<search_likelihood>-7594.903014225205879</search_likelihood>
156.985152476904119	-47.888386667337343	20.000000000000000
<search_likelihood_all>-26.732165708265889	-54.421112568065979	-47.888386667337343	-129.041664943669218
<search_likelihood>-7580.980906591600615</search_likelihood>
157.494476520325890	-48.110657116317711	20.000000000000000
<search_likelihood_all>-26.684274182438564	-54.732018928195451	-48.110657116317711	-129.526950226951726
<search_likelihood>-7624.038921394679164</search_likelihood>
155.858494553493472	-47.397084918263204	20.000000000000000
<search_likelihood_all>-26.781603685997879	-54.695289346946851	-47.397084918263204	-128.873977951207934
<search_likelihood>-7618.356529562446667</search_likelihood>
157.704573061013605	-48.202374345715754	20.000000000000000
<search_likelihood_all>-27.302542068555059	-54.448428013317375	-48.202374345715754	-129.953344427588206
<search_likelihood>-7585.632918251149931</search_likelihood>
156.072292478455722	-47.490275842465977	20.000000000000000
<search_likelihood_all>-27.523606741921839	-54.384727082971402	-47.490275842465977	-129.398609667359210
<search_likelihood>-7576.355549201132817</search_likelihood>
156.898208854273093	-47.850454724365662	20.000000000000000
<search_likelihood_all>-27.586432353068741	-54.439320354240365	-47.850454724365662	-129.876207431674771
<search_likelihood>-7584.308660076105298</search_likelihood>
156.784641628925243	-47.800912006763610	20.000000000000000
<search_likelihood_all>-26.994003340793384	-54.430215206307587	-47.800912006763610	-129.225130553864574
<search_likelihood>-7582.410805872741548</search_likelihood>
156.063463535338826	-47.486427082649897	20.000000000000000
<search_likelihood_all>-27.450556747328434	-54.212441230209215	-47.486427082649897	-129.149425060187554
<search_likelihood>-7552.515084548491359</search_likelihood>
156.222893658028369	-47.555931634770147	20.000000000000000
<search_likelihood_all>-27.386314090706460	-54.221486545221410	-47.555931634770147	-129.163732270698006
<search_likelihood>-7553.767976100842134</search_likelihood>
156.303761618758131	-47.591190506953424	20.000000000000000
<search_likelihood_all>-27.803271067759670	-54.284873171146877	-47.591190506953424	-129.679334745859990
<search_likelihood>-7562.963174836350845</search_likelihood>
157.041469597080464	-47.912958453768681	20.000000000000000
<search_likelihood_all>-27.362802301031568	-54.393819696966730	-47.912958453768681	-129.669580451766990
<search_likelihood>-7577.871581026072818</search_likelihood>
158.126821896675409	-48.386759870961455	20.000000000000000
<search_likelihood_all>-28.020149929959267	-54.221486545221410	-48.386759870961455	-130.628396346142154
<search_likelihood>-7555.232640176286623</search_likelihood>
155.064336993105769	-47.051090150359400	20.000000000000000
<search_likelihood_all>-27.873396407801607	-54.221486545221410	-47.051090150359400	-129.145973103382403
<search_likelihood>-7553.750216933527554</search_likelihood>
155.293352175447410	-47.150839594276192	20.000000000000000
<search_likelihood_all>-28.331544834178036	-53.960172016647888	-47.150839594276192	-129.442556445102127
<search_likelihood>-7518.264731552300873</search_likelihood>
154.243937662742496	-46.693937967023231	20.000000000000000
<search_likelihood_all>-28.032939629134578	-53.987108997859053	-46.693937967023231	-128.713986594016859
<search_likelihood>-7521.224670404302742</search_likelihood>
