160.144456569605467	-49.268788405675252	20.000000000000000
<search_likelihood_all>-137.240889774279850	-91.757252349704700	-49.268788405675252	-278.266930529659817
<search_likelihood>-12842.682416070259933</search_likelihood>
159.453230290891241	-48.966431358894567	20.000000000000000
<search_likelihood_all>-116.010159605522489	-94.716597410478897	-48.966431358894567	-259.693188374895954
<search_likelihood>-13229.334854478747729</search_likelihood>
158.639151283872962	-48.610577035007807	20.000000000000000
<search_likelihood_all>-138.896465073900885	-94.180874605993125	-48.610577035007807	-281.687916714901803
<search_likelihood>-13177.972505004512641</search_likelihood>
160.107772674141131	-49.252737395664994	20.000000000000000
<search_likelihood_all>-134.806167341834907	-90.684751601120013	-49.252737395664994	-274.743656338619928
<search_likelihood>-12692.300504891984019</search_likelihood>
160.742808424855127	-49.530670703167587	20.000000000000000
<search_likelihood_all>-113.352626193677295	-92.071713012149132	-49.530670703167587	-254.955009908993986
<search_likelihood>-12862.429919262240219</search_likelihood>
160.974152416472862	-49.631960862788006	20.000000000000000
<search_likelihood_all>-118.829126977359067	-92.193220834263926	-49.631960862788006	-260.654308674410970
<search_likelihood>-12884.767409807584045</search_likelihood>
160.751890110678346	-49.534646579635449	20.000000000000000
<search_likelihood_all>-26.601740764287982	-48.517378892128072	-49.534646579635449	-124.653766236051496
<search_likelihood>-6768.188648327105511</search_likelihood>
158.908358848862434	-48.728225393769478	20.000000000000000
<search_likelihood_all>-140.796497371518541	-94.922254477304975	-48.728225393769478	-284.446977242592993
<search_likelihood>-13282.249478255629583</search_likelihood>
159.417050520059661	-48.950610720452488	20.000000000000000
<search_likelihood_all>-97.335235488832254	-93.726381440150732	-48.950610720452488	-240.012227649435459
<search_likelihood>-13074.062596574902273</search_likelihood>
161.102457472461452	-49.688146027811115	20.000000000000000
<search_likelihood_all>-120.995971964772494	-94.948023093210267	-49.688146027811115	-265.632141085793876
<search_likelihood>-13266.963165331930213</search_likelihood>
159.978075045090975	-49.195992509324938	20.000000000000000
<search_likelihood_all>-92.149954583882348	-91.757252349704700	-49.195992509324938	-233.103199442912000
<search_likelihood>-12797.518684983509957</search_likelihood>
158.773393858701979	-48.669239766836711	20.000000000000000
<search_likelihood_all>-91.823601024211243	-95.232384480360267	-48.669239766836711	-235.725225271408220
<search_likelihood>-13275.994148426947504</search_likelihood>
157.724253804726374	-48.210966845338405	20.000000000000000
<search_likelihood_all>-130.954948382280179	-95.492345757714020	-48.210966845338405	-274.658260985332618
<search_likelihood>-13350.523950774377226</search_likelihood>
160.370029777466584	-49.367499312268379	20.000000000000000
<search_likelihood_all>-139.013901393335289	-90.145983427849032	-49.367499312268379	-278.527384133452699
<search_likelihood>-12622.310149374434332</search_likelihood>
162.535167457514120	-50.315962529511154	20.000000000000000
<search_likelihood_all>-141.709996478723440	-84.875177400240105	-50.315962529511154	-276.901136408474713
<search_likelihood>-11898.946979731008469</search_likelihood>
160.394125067029790	-49.378044589079948	20.000000000000000
<search_likelihood_all>-152.479309287948013	-90.968350517733242	-49.378044589079948	-292.825704394761203
<search_likelihood>-12749.216045978164402</search_likelihood>
158.703547484603575	-48.638716671014919	20.000000000000000
<search_likelihood_all>-129.767707637004492	-94.690951594648311	-48.638716671014919	-273.097375902667750
<search_likelihood>-13239.227333914681367</search_likelihood>
160.239523132857727	-49.310387147994476	20.000000000000000
<search_likelihood_all>-125.379564777956062	-91.253686319756014	-49.310387147994476	-265.943638245706552
<search_likelihood>-12761.405306375054352</search_likelihood>
158.992748755686677	-48.765111154681932	20.000000000000000
<search_likelihood_all>-156.587676531291606	-90.897288586027088	-48.765111154681932	-296.250076272000626
<search_likelihood>-12742.909834034537198</search_likelihood>
159.594016499592101	-49.027999048247366	20.000000000000000
<search_likelihood_all>-156.913669372529256	-85.354150953758960	-49.027999048247366	-291.295819374535597
<search_likelihood>-11978.928006870286481</search_likelihood>
160.604837516013930	-49.470272267762809	20.000000000000000
<search_likelihood_all>-26.798470025709538	-48.372086548652696	-49.470272267762809	-124.640828842125046
<search_likelihood>-6748.280680038671562</search_likelihood>
161.141990039212999	-49.705458734887571	20.000000000000000
<search_likelihood_all>-160.302466523967013	-87.852176206413233	-49.705458734887571	-297.860101465267803
<search_likelihood>-12327.549470971023766</search_likelihood>
157.589266858550843	-48.152035450663135	20.000000000000000
<search_likelihood_all>-36.447436891853584	-51.529104527481600	-48.152035450663135	-136.128576869998312
<search_likelihood>-7192.062165788253878</search_likelihood>
161.114734670836327	-49.693522582099632	20.000000000000000
<search_likelihood_all>-160.544766785592174	-88.634061730181941	-49.693522582099632	-298.872351097873775
<search_likelihood>-12435.626114220372983</search_likelihood>
159.420742715491969	-48.952225214794723	20.000000000000000
<search_likelihood_all>-150.028468706035397	-79.055409462323851	-48.952225214794723	-278.036103383154000
<search_likelihood>-11103.175102517223422</search_likelihood>
158.293261260201291	-48.459459400070628	20.000000000000000
<search_likelihood_all>-81.335123540605792	-59.127991216715337	-48.459459400070628	-188.922574157391750
<search_likelihood>-8285.379578349688018</search_likelihood>
157.366479704764487	-48.054789079742562	20.000000000000000
<search_likelihood_all>-30.494112742606259	-47.894286976331685	-48.054789079742562	-126.443188798680509
<search_likelihood>-6684.657450281891215</search_likelihood>
160.104620642191492	-49.251358251017791	20.000000000000000
<search_likelihood_all>-152.916894150172226	-89.890513915936737	-49.251358251017791	-292.058766317126754
<search_likelihood>-12600.859827013153335</search_likelihood>
161.661010693051907	-49.932811919530195	20.000000000000000
<search_likelihood_all>-145.448292749850623	-88.364464100445190	-49.932811919530195	-283.745568769826036
<search_likelihood>-12383.583049558372295</search_likelihood>
159.239343720270909	-48.872910827685104	20.000000000000000
<search_likelihood_all>-151.169541543866586	-89.337999240253495	-48.872910827685104	-289.380451611805142
<search_likelihood>-12522.525106199618676</search_likelihood>
160.811813836498118	-49.560881422003035	20.000000000000000
<search_likelihood_all>-139.435629353329944	-86.607178784830509	-49.560881422003035	-275.603689560163502
<search_likelihood>-12134.814274200229193</search_likelihood>
159.254354224353449	-48.879473486250248	20.000000000000000
<search_likelihood_all>-134.320655976671787	-89.705603348090165	-48.879473486250248	-272.905732811012172
<search_likelihood>-12556.386798165012806</search_likelihood>
158.436643909506614	-48.522096785909199	20.000000000000000
<search_likelihood_all>-114.841512275972462	-91.229841601626902	-48.522096785909199	-254.593450663508577
<search_likelihood>-12746.790036872487690</search_likelihood>
159.469254900305629	-48.973438741705564	20.000000000000000
<search_likelihood_all>-114.205486678027910	-90.169278190308859	-48.973438741705564	-253.348203610042333
<search_likelihood>-12600.320744772678154</search_likelihood>
160.631551312782221	-49.481965979922791	20.000000000000000
<search_likelihood_all>-139.528060815345839	-87.741573892872367	-49.481965979922791	-276.751600688141025
<search_likelihood>-12291.296080984560831</search_likelihood>
158.857402988971018	-48.705954597281675	20.000000000000000
<search_likelihood_all>-116.266611527708719	-71.334124273848985	-48.705954597281675	-236.306690398839379
<search_likelihood>-10004.162121138642760</search_likelihood>
159.307510930005748	-48.902714546577812	20.000000000000000
<search_likelihood_all>-59.578733002728811	-59.033693701960608	-48.902714546577812	-167.515141251267238
<search_likelihood>-8251.059889199044846</search_likelihood>
159.430550052636079	-48.956513716524441	20.000000000000000
<search_likelihood_all>-127.305709729258254	-80.078925606265202	-48.956513716524441	-256.341149052047911
<search_likelihood>-11221.631272585809711</search_likelihood>
158.580692045752755	-48.585033139902961	20.000000000000000
<search_likelihood_all>-27.422356522599021	-48.825126875345717	-48.585033139902961	-124.832516537847695
<search_likelihood>-6810.507648330876691</search_likelihood>
157.217532328656688	-47.989784874023456	20.000000000000000
<search_likelihood_all>-27.376805041878615	-48.227354256012191	-47.989784874023456	-123.593944171914259
<search_likelihood>-6727.415452814135278</search_likelihood>
155.825929174506513	-47.382891866661524	20.000000000000000
<search_likelihood_all>-27.770089598420522	-48.349197070601690	-47.382891866661524	-123.502178535683740
<search_likelihood>-6744.007749823935228</search_likelihood>
157.413316011101386	-48.075231418877195	20.000000000000000
<search_likelihood_all>-29.068456832652892	-47.909363778484511	-48.075231418877195	-125.053052030014598
<search_likelihood>-6685.331795628704640</search_likelihood>
159.001335558094894	-48.768864495373350	20.000000000000000
<search_likelihood_all>-25.820937632133830	-48.349197070601690	-48.768864495373350	-122.938999198108874
<search_likelihood>-6743.444570486360135</search_likelihood>
158.663066591947569	-48.621027273920191	20.000000000000000
<search_likelihood_all>-25.439230483046778	-50.663902183579765	-48.621027273920191	-124.724159940546741
<search_likelihood>-7062.184696871417145</search_likelihood>
159.479222708044546	-48.977797603698860	20.000000000000000
<search_likelihood_all>-26.406208804042944	-50.444899841221037	-48.977797603698860	-125.828906248962838
<search_likelihood>-7033.301225886504653</search_likelihood>
159.680515900702261	-49.065830251900977	20.000000000000000
<search_likelihood_all>-87.858143882432515	-66.974263571750271	-49.065830251900977	-203.898237706083762
<search_likelihood>-9374.753432306784816</search_likelihood>
158.279372700437619	-48.453392552934559	20.000000000000000
<search_likelihood_all>-110.070057210459254	-76.013345263557937	-48.453392552934559	-234.536795026951751
<search_likelihood>-10643.122796461040707</search_likelihood>
159.543657125778054	-49.005975326830722	20.000000000000000
<search_likelihood_all>-110.278811932480252	-78.660183210195640	-49.005975326830722	-237.944970469506586
<search_likelihood>-11008.965230044914279</search_likelihood>
157.314562469689832	-48.032130135753206	20.000000000000000
<search_likelihood_all>-94.984498637860440	-80.097434996874284	-48.032130135753206	-223.114063770487917
<search_likelihood>-11190.938697307998154</search_likelihood>
156.081844198274069	-47.494439714981809	20.000000000000000
<search_likelihood_all>-93.568517934621596	-80.656583326696293	-47.494439714981809	-221.719540976299697
<search_likelihood>-11266.108933745643299</search_likelihood>
155.717935223672413	-47.335827716281372	20.000000000000000
<search_likelihood_all>-88.417162522768692	-78.286456266399483	-47.335827716281372	-214.039446505449519
<search_likelihood>-10933.884889052769722</search_likelihood>
158.807399930498008	-48.684101232930061	20.000000000000000
<search_likelihood_all>-102.640132945157902	-81.452177683447829	-48.684101232930061	-232.776411861535792
<search_likelihood>-11386.107362929511510</search_likelihood>
157.340029633706820	-48.043244979964030	20.000000000000000
<search_likelihood_all>-104.121362899118651	-82.321610480349193	-48.043244979964030	-234.486218359431859
<search_likelihood>-11506.869501720351764</search_likelihood>
158.559930788810050	-48.575961789113336	20.000000000000000
<search_likelihood_all>-99.752166733634198	-77.758451716242902	-48.575961789113336	-226.086580238990422
<search_likelihood>-10873.631813521767981</search_likelihood>
160.057508306113590	-49.230745112910128	20.000000000000000
<search_likelihood_all>-108.352107334642156	-81.280418941697747	-49.230745112910128	-238.863271389250031
<search_likelihood>-11368.675120267931561</search_likelihood>
159.055391103919675	-48.792493154743170	20.000000000000000
<search_likelihood_all>-114.101897723451572	-79.363442093167066	-48.792493154743170	-242.257832971361807
<search_likelihood>-11109.576058901235228</search_likelihood>
157.209238390481630	-47.986165464224726	20.000000000000000
<search_likelihood_all>-104.365469758879613	-82.010429224289851	-47.986165464224726	-234.362064447394175
<search_likelihood>-11464.134976504461520</search_likelihood>
158.859564392125236	-48.706899240456096	20.000000000000000
<search_likelihood_all>-95.049005271042034	-71.826722102456628	-48.706899240456096	-215.582626613954744
<search_likelihood>-10050.889987608965384</search_likelihood>
157.159594364696915	-47.964501781359061	20.000000000000000
<search_likelihood_all>-27.142311101203052	-51.545799571489944	-47.964501781359061	-126.652612454052061
<search_likelihood>-7184.872271019105938</search_likelihood>
156.238798048301192	-47.562865824134420	20.000000000000000
<search_likelihood_all>-99.393073240378627	-80.394712482102392	-47.562865824134420	-227.350651546615438
<search_likelihood>-11235.881798664842790</search_likelihood>
156.216333952435320	-47.553071684790837	20.000000000000000
<search_likelihood_all>-116.319735411191289	-84.095163916035048	-47.553071684790837	-247.967971012017188
<search_likelihood>-11763.205761031849761</search_likelihood>
155.542480175332173	-47.259374036020958	20.000000000000000
<search_likelihood_all>-116.199985598642954	-83.069908686649427	-47.259374036020958	-246.529268321313339
<search_likelihood>-11621.377799172514642</search_likelihood>
155.850155492553426	-47.393450442623433	20.000000000000000
<search_likelihood_all>-108.195870313054058	-72.677587809833071	-47.393450442623433	-228.266908565510562
<search_likelihood>-10180.084191077479773</search_likelihood>
155.793403503837453	-47.368716557187966	20.000000000000000
<search_likelihood_all>-55.278196521121536	-58.856299656709091	-47.368716557187966	-161.503212735018593
<search_likelihood>-8220.757210555424535</search_likelihood>
158.717706789437159	-48.644904177448893	20.000000000000000
<search_likelihood_all>-125.956901087705930	-82.654754920521910	-48.644904177448893	-257.256560185676733
<search_likelihood>-11575.257656371624762</search_likelihood>
155.719290719069562	-47.336418416235873	20.000000000000000
<search_likelihood_all>-112.742816251531067	-74.809842898179184	-47.336418416235873	-234.889077565946138
<search_likelihood>-10478.678255106275174</search_likelihood>
155.488477639280291	-47.235845254269307	20.000000000000000
<search_likelihood_all>-33.197356123160809	-50.802508500217087	-47.235845254269307	-131.235709877647196
<search_likelihood>-7087.675753131510646</search_likelihood>
157.241340006414049	-48.000174513119759	20.000000000000000
<search_likelihood_all>-69.849758307955213	-60.422238843998038	-48.000174513119759	-178.272171665073017
<search_likelihood>-8451.951842338045026</search_likelihood>
157.347440458012017	-48.046479396286728	20.000000000000000
<search_likelihood_all>-78.968978744720090	-63.669423921896474	-48.046479396286728	-190.684882062903284
<search_likelihood>-8909.004964609486706</search_likelihood>
155.282380724507192	-47.146060392193618	20.000000000000000
<search_likelihood_all>-32.479875807693929	-51.337699368621742	-47.146060392193618	-130.963635568509289
<search_likelihood>-7160.687918078748226</search_likelihood>
156.193341402261922	-47.543047358368256	20.000000000000000
<search_likelihood_all>-133.703815091855176	-79.949590674567489	-47.543047358368256	-261.196453124790935
<search_likelihood>-11208.776610666425768</search_likelihood>
154.757337866948632	-46.917408389038755	20.000000000000000
<search_likelihood_all>-36.212335736640206	-48.755659651543183	-46.917408389038755	-131.885403777222166
<search_likelihood>-6808.048316752324354</search_likelihood>
153.265828323418958	-46.268498359130788	20.000000000000000
<search_likelihood_all>-40.758286895377672	-47.534185906449622	-46.268498359130788	-134.560971160958104
<search_likelihood>-6643.466220626869472</search_likelihood>
154.076757123677567	-46.621192286146425	20.000000000000000
<search_likelihood_all>-48.541706437994911	-46.501919756119690	-46.621192286146425	-141.664818480261033
<search_likelihood>-6509.220796119961051</search_likelihood>
155.234413131909065	-47.125166128823452	20.000000000000000
<search_likelihood_all>-40.655935586283555	-47.939535080655872	-47.125166128823452	-135.720636795762886
<search_likelihood>-6700.130768012468252</search_likelihood>
156.675707511776153	-47.753395372498431	20.000000000000000
<search_likelihood_all>-130.900070810103870	-79.145767779397659	-47.753395372498431	-257.799233961999960
<search_likelihood>-11095.311090927105397</search_likelihood>
152.856868970515023	-46.090737354623869	20.000000000000000
<search_likelihood_all>-39.307391080492835	-50.949879451077102	-46.090737354623869	-136.348007886193784
<search_likelihood>-7112.967707894026717</search_likelihood>
154.587894828933742	-46.843641818551703	20.000000000000000
<search_likelihood_all>-48.939278923047709	-46.941165138578121	-46.843641818551703	-142.724085880177540
<search_likelihood>-6570.426388131684689</search_likelihood>
153.243343389286480	-46.258723054306188	20.000000000000000
<search_likelihood_all>-52.506716262694681	-46.240509121863923	-46.258723054306188	-145.005948438864777
<search_likelihood>-6476.766697505127013</search_likelihood>
152.772318911648398	-46.053995177704365	20.000000000000000
<search_likelihood_all>-48.286617476964352	-45.786671732086788	-46.053995177704365	-140.127284386755491
<search_likelihood>-6409.743610183880264</search_likelihood>
152.831689004834402	-46.079794797902750	20.000000000000000
<search_likelihood_all>-145.815098046512077	-76.842192686118025	-46.079794797902750	-268.737085530532852
<search_likelihood>-10790.818021964141735</search_likelihood>
153.610174096044119	-46.418229222317848	20.000000000000000
<search_likelihood_all>-174.174711032891651	-88.364464100445190	-46.418229222317848	-308.957404355654660
<search_likelihood>-12408.794885144201544</search_likelihood>
151.178497931765406	-45.361959259555462	20.000000000000000
<search_likelihood_all>-43.887893856100582	-48.786517774163727	-45.361959259555462	-138.036370889819750
<search_likelihood>-6818.424718517548172</search_likelihood>
152.560908201942198	-45.962137692962798	20.000000000000000
<search_likelihood_all>-177.813905510287412	-89.728676579320990	-45.962137692962798	-313.504719782571215
<search_likelihood>-12600.145226557868227</search_likelihood>
150.449846501357570	-45.045948158098270	20.000000000000000
<search_likelihood_all>-46.476211162908513	-48.624799836161586	-45.045948158098270	-140.146959157168368
<search_likelihood>-6798.391102239846077</search_likelihood>
150.406373745506926	-45.027101715845049	20.000000000000000
<search_likelihood_all>-177.964983950495025	-80.208664999155317	-45.027101715845049	-303.200750665495377
<search_likelihood>-11286.256223480864719</search_likelihood>
152.567750309923355	-45.965110273315034	20.000000000000000
<search_likelihood_all>-49.313094372779801	-44.017805883896933	-45.965110273315034	-139.296010529991747
<search_likelihood>-6166.699705873258608</search_likelihood>
152.735311126717050	-46.037913992986304	20.000000000000000
<search_likelihood_all>-110.790652752016683	-58.258082346467027	-46.037913992986304	-215.086649091470008
<search_likelihood>-8192.426131774936948</search_likelihood>
151.119830963281203	-45.336507170849700	20.000000000000000
<search_likelihood_all>-188.777786245474772	-85.648279268051439	-45.336507170849700	-319.762572684375925
<search_likelihood>-12047.670054526868626</search_likelihood>
149.430308112188271	-44.604175614956901	20.000000000000000
<search_likelihood_all>-197.096781671771765	-87.807902716198413	-44.604175614956901	-329.508860002927065
<search_likelihood>-12353.135814693405337</search_likelihood>
147.341385505303890	-43.700493041520730	20.000000000000000
<search_likelihood_all>-62.709441095072059	-41.999332318550941	-43.700493041520730	-148.409266455143722
<search_likelihood>-5899.421288419481243</search_likelihood>
149.635772725333709	-44.693167503699797	20.000000000000000
<search_likelihood_all>-58.520155436753690	-46.669759814137151	-44.693167503699797	-149.883082754590646
<search_likelihood>-6540.421573166267081</search_likelihood>
154.170013624945426	-46.661769767529037	20.000000000000000
<search_likelihood_all>-217.073279494425663	-81.318526996933599	-46.661769767529037	-345.053576258888313
<search_likelihood>-11480.083600563139044</search_likelihood>
148.477930910248489	-44.191924852667256	20.000000000000000
<search_likelihood_all>-64.503119371371085	-40.359965413396601	-44.191924852667256	-149.055009637434949
<search_likelihood>-5675.586825382190000</search_likelihood>
151.646368128360393	-45.564993951623805	20.000000000000000
<search_likelihood_all>-61.372723056118417	-41.112977512530065	-45.564993951623805	-148.050694520272287
<search_likelihood>-5777.693235977405493</search_likelihood>
144.498998751413581	-42.474096326521504	20.000000000000000
<search_likelihood_all>-50.267678801830236	-42.367719927835608	-42.474096326521504	-135.109495056187342
<search_likelihood>-5936.565213450503506</search_likelihood>
145.772926765647412	-43.023284969822711	20.000000000000000
<search_likelihood_all>-62.052840443713336	-40.545297612260747	-43.023284969822711	-145.621423025796787
<search_likelihood>-5697.530968483983088</search_likelihood>
151.742774475555279	-45.606841831843752	20.000000000000000
<search_likelihood_all>-49.843030990873729	-42.033423324194217	-45.606841831843752	-137.483296146911698
<search_likelihood>-5893.163434780540229</search_likelihood>
143.747073831812401	-42.150306416269444	20.000000000000000
<search_likelihood_all>-214.832922439840644	-72.677587809833071	-42.150306416269444	-329.660816665943116
<search_likelihood>-10281.478099177911645</search_likelihood>
146.542594729901936	-43.355458748416979	20.000000000000000
<search_likelihood_all>-51.315637422421716	-41.822095624722422	-43.355458748416979	-136.493191795561131
<search_likelihood>-5863.236009925654798</search_likelihood>
142.702004236647269	-41.700739158960474	20.000000000000000
<search_likelihood_all>-244.937135322707547	-85.753802967474329	-41.700739158960474	-372.391677449142321
<search_likelihood>-12114.748628616058340</search_likelihood>
150.250080221014628	-44.959351772726450	20.000000000000000
<search_likelihood_all>-65.454748867075352	-45.046766515400797	-44.959351772726450	-155.460867155202607
<search_likelihood>-6323.761206212324396</search_likelihood>
144.946777058222949	-42.667045061965311	20.000000000000000
<search_likelihood_all>-63.480900641279916	-39.257014395902551	-42.667045061965311	-145.404960099147786
<search_likelihood>-5520.908552034630702</search_likelihood>
150.058986276706321	-44.876531287476524	20.000000000000000
<search_likelihood_all>-54.556267308830449	-40.194856686390459	-44.876531287476524	-139.627655282697447
<search_likelihood>-5643.550962236370651</search_likelihood>
142.072537954105258	-41.430214134248459	20.000000000000000
<search_likelihood_all>-58.304746592150430	-40.194856686390459	-41.430214134248459	-139.929817412789362
<search_likelihood>-5643.853124366462907</search_likelihood>
140.141057947433438	-40.601356987936057	20.000000000000000
<search_likelihood_all>-57.753875955579275	-39.474033130860107	-40.601356987936057	-137.829266074375425
<search_likelihood>-5543.049457889736914</search_likelihood>
141.774092414317948	-41.302020019821200	20.000000000000000
<search_likelihood_all>-61.251656701916836	-39.362169384995148	-41.302020019821200	-141.915846106733170
<search_likelihood>-5531.818419479689510</search_likelihood>
146.510423653815451	-43.341568790981867	20.000000000000000
<search_likelihood_all>-61.148692516904887	-39.515905737816531	-43.341568790981867	-144.006167045703307
<search_likelihood>-5554.960018248097185</search_likelihood>
143.401578324034574	-42.001622552070145	20.000000000000000
<search_likelihood_all>-58.837591269390145	-39.130442911694310	-42.001622552070145	-139.969656733154579
<search_likelihood>-5498.141684399985934</search_likelihood>
144.863702173535160	-42.631240668832291	20.000000000000000
<search_likelihood_all>-59.569084389751708	-39.835672530667885	-42.631240668832291	-142.035997589251906
<search_likelihood>-5596.775846530015770</search_likelihood>
156.064862678208755	-47.487037002313286	20.000000000000000
<search_likelihood_all>-57.624652146002674	-39.696904080774829	-47.487037002313286	-144.808593229090775
<search_likelihood>-5580.546734772429772</search_likelihood>
139.228089748205207	-40.210232392534962	20.000000000000000
<search_likelihood_all>-54.459861839686774	-40.606988964835793	-40.210232392534962	-135.277083197057550
<search_likelihood>-5695.634089381986087</search_likelihood>
144.920680867083121	-42.655797526651256	20.000000000000000
<search_likelihood_all>-85.084155229654769	-44.003922930815897	-42.655797526651256	-171.743875687121943
<search_likelihood>-6197.246563903326205</search_likelihood>
140.366724462838988	-40.698100384448466	20.000000000000000
<search_likelihood_all>-53.918677670601220	-39.745516420361575	-40.698100384448466	-134.362294475411261
<search_likelihood>-5576.756973966990699</search_likelihood>
140.176594718222532	-40.616589908964272	20.000000000000000
<search_likelihood_all>-238.711049829922160	-68.084320786763556	-40.616589908964272	-347.411960525649988
<search_likelihood>-9670.268437913169691</search_likelihood>
135.562147919435233	-38.644094781246210	20.000000000000000
<search_likelihood_all>-64.770851723991967	-41.181224768945448	-38.644094781246210	-144.596171274183632
<search_likelihood>-5783.583880152885285</search_likelihood>
143.542704000311460	-42.062348937883229	20.000000000000000
<search_likelihood_all>-58.217557230559954	-40.380578404315159	-42.062348937883229	-140.660484572758349
<search_likelihood>-5670.014858487775200</search_likelihood>
138.613574888282699	-39.947209930915150	20.000000000000000
<search_likelihood_all>-152.970216515935675	-49.875495207956078	-39.947209930915150	-242.792921654806889
<search_likelihood>-7072.296075820102487</search_likelihood>
142.985682639151833	-41.822719016686904	20.000000000000000
<search_likelihood_all>-197.280092217693692	-55.673259828518773	-41.822719016686904	-294.776071062899405
<search_likelihood>-7918.173132409383470</search_likelihood>
143.338749846790279	-41.974590569592465	20.000000000000000
<search_likelihood_all>-235.888463099325833	-67.558472665751609	-41.974590569592465	-345.421526334669920
<search_likelihood>-9596.273076531208062</search_likelihood>
145.198107467595491	-42.775385785977406	20.000000000000000
<search_likelihood_all>-66.635431099623958	-41.419941525951728	-42.775385785977406	-150.830758411553091
<search_likelihood>-5822.506199775494679</search_likelihood>
131.275733146667648	-36.822189865634471	20.000000000000000
<search_likelihood_all>-62.254675305961051	-39.557738324294895	-36.822189865634471	-138.634603495890417
<search_likelihood>-5555.316634039857490</search_likelihood>
138.133155541606584	-39.741719354602537	20.000000000000000
<search_likelihood_all>-58.315891861392501	-39.207843570656308	-39.741719354602537	-137.265454786651333
<search_likelihood>-5506.036034754795764</search_likelihood>
136.583498338347539	-39.079710534258652	20.000000000000000
<search_likelihood_all>-152.690838450453839	-47.676329581826266	-39.079710534258652	-239.446878566538771
<search_likelihood>-6767.816008546956255</search_likelihood>
146.690057950911580	-43.419132595429744	20.000000000000000
<search_likelihood_all>-56.163298668547554	-37.279552909106947	-43.419132595429744	-136.861984173084238
<search_likelihood>-5241.589729071831243</search_likelihood>
131.235393997822200	-36.805093619919887	20.000000000000000
<search_likelihood_all>-57.886680098765765	-37.819525554357931	-36.805093619919887	-132.511299273043591
<search_likelihood>-5311.178057078400343</search_likelihood>
151.277655301192226	-45.404981134501938	20.000000000000000
<search_likelihood_all>-55.453610640563916	-37.656116100351177	-45.404981134501938	-138.514707875417031
<search_likelihood>-5294.805640099366428</search_likelihood>
132.905323090603133	-37.513614098141403	20.000000000000000
<search_likelihood_all>-54.893085239307780	-38.396536186794123	-37.513614098141403	-130.803235524243291
<search_likelihood>-5388.480656136638572</search_likelihood>
143.755524507352106	-42.153943886271094	20.000000000000000
<search_likelihood_all>-58.542740071144451	-37.415992102778397	-42.153943886271094	-138.112676060193934
<search_likelihood>-5261.523180892366327</search_likelihood>
138.103999180705955	-39.729252140074834	20.000000000000000
<search_likelihood_all>-142.667454369226562	-45.851232774028929	-39.729252140074834	-228.247939283330311
<search_likelihood>-6506.704675340878566</search_likelihood>
144.101696594684512	-42.302978266207205	20.000000000000000
<search_likelihood_all>-83.060631304606929	-41.181224768945448	-42.302978266207205	-166.544834339759575
<search_likelihood>-5805.532543218461797</search_likelihood>
143.057519364565053	-41.853614590778349	20.000000000000000
<search_likelihood_all>-56.255516621876659	-38.040344418654406	-41.853614590778349	-136.149475631309429
<search_likelihood>-5345.053188958089777</search_likelihood>
129.942785802235903	-36.257773193002578	20.000000000000000
<search_likelihood_all>-65.361648751368705	-36.029022082106259	-36.257773193002578	-137.648444026477534
<search_likelihood>-5071.139709131441123</search_likelihood>
154.717273482044732	-46.899965383787205	20.000000000000000
<search_likelihood_all>-54.623187625502332	-37.596364557886858	-46.899965383787205	-139.119517567176388
<search_likelihood>-5287.228609269545814</search_likelihood>
149.933823719213677	-44.822294379700750	20.000000000000000
<search_likelihood_all>-59.750934740739019	-37.088285200865649	-44.822294379700750	-141.661514321305418
<search_likelihood>-5220.198774067425802</search_likelihood>
147.587058854446127	-43.806669850916890	20.000000000000000
<search_likelihood_all>-92.067136315054952	-40.935413571182636	-43.806669850916890	-176.809219737154478
<search_likelihood>-5782.137747018748087</search_likelihood>
138.660657583869380	-39.967355168249938	20.000000000000000
<search_likelihood_all>-57.566835301433606	-36.604032335264925	-39.967355168249938	-134.138222804948470
<search_likelihood>-5146.366236713120998</search_likelihood>
133.688520503909842	-37.846456784331622	20.000000000000000
<search_likelihood_all>-138.023275901700714	-43.216780835773918	-37.846456784331622	-219.086513521806239
<search_likelihood>-6136.805020378986228</search_likelihood>
152.613823306247838	-45.985127388876379	20.000000000000000
<search_likelihood_all>-59.599689384249338	-36.428401521072509	-45.985127388876379	-142.013218294198225
<search_likelihood>-5130.191923127954396</search_likelihood>
152.775534533593259	-46.055392506298432	20.000000000000000
<search_likelihood_all>-58.274761687364858	-37.461246755702668	-46.055392506298432	-141.791400949365965
<search_likelihood>-5271.398672221617744</search_likelihood>
137.708692072039810	-39.560263501598214	20.000000000000000
<search_likelihood_all>-60.901282516019180	-38.237258408336182	-39.560263501598214	-138.698804425953597
<search_likelihood>-5374.566154063986687</search_likelihood>
139.391091448338301	-40.280032560830080	20.000000000000000
<search_likelihood_all>-58.135357258886842	-37.057481975569146	-40.280032560830080	-135.472871795286068
<search_likelihood>-5209.792214036150654</search_likelihood>
142.087154845354576	-41.436493799815111	20.000000000000000
<search_likelihood_all>-235.139625538647522	-57.390435190031852	-41.436493799815111	-333.966554528494498
<search_likelihood>-8192.498214515268046</search_likelihood>
153.120296577517649	-46.205232378310910	20.000000000000000
<search_likelihood_all>-71.359600354009842	-39.494974500377211	-46.205232378310910	-157.059807232697949
<search_likelihood>-5565.147522439521708</search_likelihood>
135.001603965484861	-38.405258122345714	20.000000000000000
<search_likelihood_all>-222.210889169688443	-53.727632050620869	-38.405258122345714	-314.343779342655012
<search_likelihood>-7671.324016343188305</search_likelihood>
152.104203738191586	-45.763766235908193	20.000000000000000
<search_likelihood_all>-96.594829728028031	-40.730257727587961	-45.763766235908193	-183.088853691524207
<search_likelihood>-5760.325179079517511</search_likelihood>
150.404643564418876	-45.026351659723872	20.000000000000000
<search_likelihood_all>-71.508777390971389	-38.697975368544164	-45.026351659723872	-155.233104419239424
<search_likelihood>-5454.186904022304589</search_likelihood>
138.691336326423510	-39.980482279052751	20.000000000000000
<search_likelihood_all>-332.490347393917830	-125.508649315913786	-39.980482279052751	-497.979478988884352
<search_likelihood>-17684.008666350735439</search_likelihood>
141.468472628801123	-41.170790210132310	20.000000000000000
<search_likelihood_all>-307.354873014796681	-77.775941453659954	-41.170790210132310	-426.301604678588888
<search_likelihood>-11076.241725798714469</search_likelihood>
149.410824585928140	-44.595737790552533	20.000000000000000
<search_likelihood_all>-76.618084463532554	-39.003422188900991	-44.595737790552533	-160.217244442986072
<search_likelihood>-5500.996193136980764</search_likelihood>
150.977149659303876	-45.274612579148865	20.000000000000000
<search_likelihood_all>-102.208268161714344	-40.702877073063689	-45.274612579148865	-188.185757813926898
<search_likelihood>-5761.672821853096139</search_likelihood>
