3.95 
4.81984829753 
3.14419984611 
3.09811237073 
4.61504037347 
4.49410064657 
3.07163199155 
3.82398723564 
4.30440893805 
3.52357826881 
4.20710128944 
4.77464959045 
3.96177191466 
3.79290179452 
3.2641084608 
3.06920415078 
3.12806311004 
4.4448494153 
3.46473066663 
4.03730890303 
3.9004378751 
4.67990106878 
3.9775893607 
3.93328618749 
3.20424821465 
3.46631616575 
3.14928532801 
3.24887525397 
3.28828657813 
4.15033229473 
3.19651219018 
4.93270660689 
4.9311664434 
3.33846464881 
4.62033332817 
3.93068755964 
4.95820842509 
3.91210497758 
4.47626944745 
3.59902076907 
4.14572916381 
3.03264099835 
4.26619946066 
4.40907574985 
4.48189040033 
3.09047180895 
4.22102586197 
3.06845318976 
4.18762726861 
4.80390564134 
4.28276367947 
4.44053431004 
4.26606200023 
3.45754511299 
3.50509138069 
4.21213736408 
4.17305025057 
4.82206136747 
3.15438046702 
3.67060306851 
3.29806113162 
4.68103783354 
3.04696591133 
4.92099600847 
3.98917861343 
4.53884424243 
4.67717931224 
4.44204686376 
3.44993378941 
4.08224144644 
3.91456888945 
4.09750448358 
3.51108300788 
3.7443697011 
3.85652443567 
3.54961196421 
4.66146306147 
4.96833295089 
3.7643000064 
4.4350820639 
3.25162004297 
3.43476049318 
4.08110252624 
3.97981512808 
4.75703663414 
4.16664666616 
4.4980651298 
3.74486031543 
3.44496128184 
3.20894139172 
3.28900716944 
3.80622944588 
4.59373513915 
3.41449231681 
3.56091726807 
3.43049778143 
3.78926259622 
4.72787728345 
3.92664110555 
4.37742148401 
4.29829888512 
