0.2 
0.690862490863 
0.759220004684 
0.340856870774 
0.796555096038 
0.376675561446 
0.126562576062 
0.863450951741 
0.857046651761 
0.406119135149 
0.162396782269 
0.484804477953 
0.33123709487 
0.700078044648 
0.810431962865 
0.80310955532 
0.234186212278 
0.130198351897 
0.118060279526 
0.477373271247 
0.615906094517 
0.209438322272 
0.674614590636 
0.300993097121 
0.576207749025 
0.834779840861 
0.454542483877 
0.205794886409 
0.571259395769 
0.0538723132324 
0.628083172771 
0.467745713904 
0.275596190327 
0.477234462182 
0.633636521183 
0.698345044604 
0.359767021426 
0.199595880118 
0.43488163562 
0.0399156417983 
0.0805318128205 
0.348081199907 
0.879149506818 
0.39425065116 
0.244279106103 
0.176616587025 
0.765436929389 
0.0807384999308 
0.438005202938 
0.138692947388 
0.0787289349988 
0.865328699838 
0.0777739276729 
0.0561128142427 
0.769068975532 
0.712227303888 
0.0436670360267 
0.39727400075 
0.623072200883 
0.256081786342 
0.577337606039 
0.844085307511 
0.46203279989 
0.382663843422 
0.134130976577 
0.0425259508663 
0.0701896617207 
0.68907922519 
0.228423413317 
0.497535184422 
0.433205801299 
0.799553502329 
0.469466999528 
0.448644508119 
0.105996660885 
0.229168597904 
0.0801641041634 
0.126971369364 
0.14549469172 
0.550656178525 
0.102360729383 
0.91837210524 
0.917648228396 
0.169078384942 
0.771556664239 
0.447423153033 
0.93035795979 
0.438689339464 
0.703846640304 
0.291539761464 
0.548492706992 
0.0253412692252 
0.60511374651 
0.672265602429 
0.706488488156 
0.0525217502084 
0.583882155127 
0.042172999185 
0.568184816247 
0.85783565143 
0.61289892935 
