0.2 
0.375944809456 
0.408669151178 
0.208388927498 
0.42654233321 
0.225536173033 
0.105801233221 
0.458566944983 
0.455501056694 
0.239631500869 
0.122955906406 
0.277300016041 
0.203783715629 
0.380356510736 
0.433185514137 
0.42968010627 
0.157323186729 
0.107541764206 
0.10173098488 
0.273742523469 
0.340061428226 
0.145475792577 
0.368166559347 
0.189305206069 
0.321056901129 
0.444841413178 
0.262812891218 
0.143731594558 
0.318688008613 
0.0710027031432 
0.345890880582 
0.269133586444 
0.177147112391 
0.273676072321 
0.348549398439 
0.379526883055 
0.217441659193 
0.140763985163 
0.25340078301 
0.0643213178821 
0.0837652295417 
0.211847382934 
0.466082210711 
0.233949779811 
0.162154891219 
0.129763259746 
0.411645338537 
0.0838641754988 
0.25489610779 
0.111608325877 
0.0829021497335 
0.335941268741 
0.234403278787 
0.218611600093 
0.366089267427 
0.367926834484 
0.185233259384 
0.491980462397 
0.140056177908 
0.243209801986 
0.294664410659 
0.196167700933 
0.0959588590479 
0.134553480376 
0.3405636405 
0.401368012556 
0.416487741604 
0.442749085897 
0.0973128417247 
0.20889723792 
0.419144739792 
0.282172671557 
0.228026108269 
0.140910597505 
0.174375017352 
0.150638308493 
0.35852249006 
0.371160434038 
0.369211778573 
0.480530840413 
0.200584627891 
0.443663635437 
0.226258748021 
0.123138517287 
0.0944268175093 
0.155620741209 
0.139965943332 
0.120074487835 
0.461000051041 
0.495259185349 
0.118789224724 
0.447733062677 
0.176911947096 
0.123611974708 
0.1617869018 
0.430488831421 
0.253668302562 
0.157814256235 
0.264746097495 
0.240594437572 
0.2523563913 
