0.2 
0.862510049977 
0.591742076766 
0.54963093358 
0.942904713137 
0.947804891958 
0.460622025023 
1.27861456639 
0.340149807755 
0.61522613863 
0.752438428424 
0.48978053582 
0.222556957461 
0.325475947668 
0.874836374667 
1.03698136682 
1.07730064428 
1.14733089573 
0.226167577932 
0.523725967786 
1.08438597278 
0.719127124152 
0.574736288717 
0.342428260015 
0.431666712939 
0.368368822649 
0.922726640161 
0.956427824101 
0.951231409528 
1.2480822411 
0.50155900771 
1.1497696945 
0.570023328057 
0.295036046099 
0.218471513358 
0.38165530989 
0.339909182219 
0.286865300894 
1.19600013611 
1.2873578276 
0.283437932599 
1.16062150047 
0.438431858922 
0.296298599222 
0.3980984048 
1.11463688379 
0.6431154735 
0.387504683294 
0.672656259986 
0.608251833525 
0.639617043468 
