0.25 	 2.0 
0.25 	 4.0 
0.25 	 6.0 
0.25 	 8.0 
0.25 	 10.0 
0.25 	 12.0 
0.25 	 14.0 
0.25 	 16.0 
0.25 	 18.0 
0.25 	 20.0 
0.25 	 22.0 
0.25 	 24.0 
0.25 	 26.0 
0.25 	 28.0 
0.25 	 30.0 
0.25 	 32.0 
0.25 	 34.0 
0.25 	 36.0 
0.25 	 38.0 
0.25 	 40.0 
0.25 	 42.0 
0.25 	 44.0 
0.25 	 46.0 
0.25 	 48.0 
0.25 	 50.0 
0.25 	 52.0 
0.25 	 54.0 
0.25 	 56.0 
0.25 	 58.0 
0.25 	 60.0 
0.25 	 62.0 
0.25 	 64.0 
0.25 	 66.0 
0.25 	 68.0 
0.25 	 70.0 
0.25 	 72.0 
0.25 	 74.0 
0.25 	 76.0 
0.25 	 78.0 
0.25 	 80.0 
0.25 	 82.0 
0.25 	 84.0 
0.25 	 86.0 
0.25 	 88.0 
0.25 	 90.0 
0.25 	 92.0 
0.25 	 94.0 
0.25 	 96.0 
0.25 	 98.0 
0.5 	 2.0 
0.5 	 4.0 
0.5 	 6.0 
0.5 	 8.0 
0.5 	 10.0 
0.5 	 12.0 
0.5 	 14.0 
0.5 	 16.0 
0.5 	 18.0 
0.5 	 20.0 
0.5 	 22.0 
0.5 	 24.0 
0.5 	 26.0 
0.5 	 28.0 
0.5 	 30.0 
0.5 	 32.0 
0.5 	 34.0 
0.5 	 36.0 
0.5 	 38.0 
0.5 	 40.0 
0.5 	 42.0 
0.5 	 44.0 
0.5 	 46.0 
0.5 	 48.0 
0.5 	 50.0 
0.5 	 52.0 
0.5 	 54.0 
0.5 	 56.0 
0.5 	 58.0 
0.5 	 60.0 
0.5 	 62.0 
0.5 	 64.0 
0.5 	 66.0 
0.5 	 68.0 
0.5 	 70.0 
0.5 	 72.0 
0.5 	 74.0 
0.5 	 76.0 
0.5 	 78.0 
0.5 	 80.0 
0.5 	 82.0 
0.5 	 84.0 
0.5 	 86.0 
0.5 	 88.0 
0.5 	 90.0 
0.5 	 92.0 
0.5 	 94.0 
0.5 	 96.0 
0.5 	 98.0 
0.75 	 2.0 
0.75 	 4.0 
0.75 	 6.0 
0.75 	 8.0 
0.75 	 10.0 
0.75 	 12.0 
0.75 	 14.0 
0.75 	 16.0 
0.75 	 18.0 
0.75 	 20.0 
0.75 	 22.0 
0.75 	 24.0 
0.75 	 26.0 
0.75 	 28.0 
0.75 	 30.0 
0.75 	 32.0 
0.75 	 34.0 
0.75 	 36.0 
0.75 	 38.0 
0.75 	 40.0 
0.75 	 42.0 
0.75 	 44.0 
0.75 	 46.0 
0.75 	 48.0 
0.75 	 50.0 
0.75 	 52.0 
0.75 	 54.0 
0.75 	 56.0 
0.75 	 58.0 
0.75 	 60.0 
0.75 	 62.0 
0.75 	 64.0 
0.75 	 66.0 
0.75 	 68.0 
0.75 	 70.0 
0.75 	 72.0 
0.75 	 74.0 
0.75 	 76.0 
0.75 	 78.0 
0.75 	 80.0 
0.75 	 82.0 
0.75 	 84.0 
0.75 	 86.0 
0.75 	 88.0 
0.75 	 90.0 
0.75 	 92.0 
0.75 	 94.0 
0.75 	 96.0 
0.75 	 98.0 
1.0 	 2.0 
1.0 	 4.0 
1.0 	 6.0 
1.0 	 8.0 
1.0 	 10.0 
1.0 	 12.0 
1.0 	 14.0 
1.0 	 16.0 
1.0 	 18.0 
1.0 	 20.0 
1.0 	 22.0 
1.0 	 24.0 
1.0 	 26.0 
1.0 	 28.0 
1.0 	 30.0 
1.0 	 32.0 
1.0 	 34.0 
1.0 	 36.0 
1.0 	 38.0 
1.0 	 40.0 
1.0 	 42.0 
1.0 	 44.0 
1.0 	 46.0 
1.0 	 48.0 
1.0 	 50.0 
1.0 	 52.0 
1.0 	 54.0 
1.0 	 56.0 
1.0 	 58.0 
1.0 	 60.0 
1.0 	 62.0 
1.0 	 64.0 
1.0 	 66.0 
1.0 	 68.0 
1.0 	 70.0 
1.0 	 72.0 
1.0 	 74.0 
1.0 	 76.0 
1.0 	 78.0 
1.0 	 80.0 
1.0 	 82.0 
1.0 	 84.0 
1.0 	 86.0 
1.0 	 88.0 
1.0 	 90.0 
1.0 	 92.0 
1.0 	 94.0 
1.0 	 96.0 
1.0 	 98.0 
1.25 	 2.0 
1.25 	 4.0 
1.25 	 6.0 
1.25 	 8.0 
1.25 	 10.0 
1.25 	 12.0 
1.25 	 14.0 
1.25 	 16.0 
1.25 	 18.0 
1.25 	 20.0 
1.25 	 22.0 
1.25 	 24.0 
1.25 	 26.0 
1.25 	 28.0 
1.25 	 30.0 
1.25 	 32.0 
1.25 	 34.0 
1.25 	 36.0 
1.25 	 38.0 
1.25 	 40.0 
1.25 	 42.0 
1.25 	 44.0 
1.25 	 46.0 
1.25 	 48.0 
1.25 	 50.0 
1.25 	 52.0 
1.25 	 54.0 
1.25 	 56.0 
1.25 	 58.0 
1.25 	 60.0 
1.25 	 62.0 
1.25 	 64.0 
1.25 	 66.0 
1.25 	 68.0 
1.25 	 70.0 
1.25 	 72.0 
1.25 	 74.0 
1.25 	 76.0 
1.25 	 78.0 
1.25 	 80.0 
1.25 	 82.0 
1.25 	 84.0 
1.25 	 86.0 
1.25 	 88.0 
1.25 	 90.0 
1.25 	 92.0 
1.25 	 94.0 
1.25 	 96.0 
1.25 	 98.0 
1.5 	 2.0 
1.5 	 4.0 
1.5 	 6.0 
1.5 	 8.0 
1.5 	 10.0 
1.5 	 12.0 
1.5 	 14.0 
1.5 	 16.0 
1.5 	 18.0 
1.5 	 20.0 
1.5 	 22.0 
1.5 	 24.0 
1.5 	 26.0 
1.5 	 28.0 
1.5 	 30.0 
1.5 	 32.0 
1.5 	 34.0 
1.5 	 36.0 
1.5 	 38.0 
1.5 	 40.0 
1.5 	 42.0 
1.5 	 44.0 
1.5 	 46.0 
1.5 	 48.0 
1.5 	 50.0 
1.5 	 52.0 
1.5 	 54.0 
1.5 	 56.0 
1.5 	 58.0 
1.5 	 60.0 
1.5 	 62.0 
1.5 	 64.0 
1.5 	 66.0 
1.5 	 68.0 
1.5 	 70.0 
1.5 	 72.0 
1.5 	 74.0 
1.5 	 76.0 
1.5 	 78.0 
1.5 	 80.0 
1.5 	 82.0 
1.5 	 84.0 
1.5 	 86.0 
1.5 	 88.0 
1.5 	 90.0 
1.5 	 92.0 
1.5 	 94.0 
1.5 	 96.0 
1.5 	 98.0 
1.75 	 2.0 
1.75 	 4.0 
1.75 	 6.0 
1.75 	 8.0 
1.75 	 10.0 
1.75 	 12.0 
1.75 	 14.0 
1.75 	 16.0 
1.75 	 18.0 
1.75 	 20.0 
1.75 	 22.0 
1.75 	 24.0 
1.75 	 26.0 
1.75 	 28.0 
1.75 	 30.0 
1.75 	 32.0 
1.75 	 34.0 
1.75 	 36.0 
1.75 	 38.0 
1.75 	 40.0 
1.75 	 42.0 
1.75 	 44.0 
1.75 	 46.0 
1.75 	 48.0 
1.75 	 50.0 
1.75 	 52.0 
1.75 	 54.0 
1.75 	 56.0 
1.75 	 58.0 
1.75 	 60.0 
1.75 	 62.0 
1.75 	 64.0 
1.75 	 66.0 
1.75 	 68.0 
1.75 	 70.0 
1.75 	 72.0 
1.75 	 74.0 
1.75 	 76.0 
1.75 	 78.0 
1.75 	 80.0 
1.75 	 82.0 
1.75 	 84.0 
1.75 	 86.0 
1.75 	 88.0 
1.75 	 90.0 
1.75 	 92.0 
1.75 	 94.0 
1.75 	 96.0 
1.75 	 98.0 
2.0 	 2.0 
2.0 	 4.0 
2.0 	 6.0 
2.0 	 8.0 
2.0 	 10.0 
2.0 	 12.0 
2.0 	 14.0 
2.0 	 16.0 
2.0 	 18.0 
2.0 	 20.0 
2.0 	 22.0 
2.0 	 24.0 
2.0 	 26.0 
2.0 	 28.0 
2.0 	 30.0 
2.0 	 32.0 
2.0 	 34.0 
2.0 	 36.0 
2.0 	 38.0 
2.0 	 40.0 
2.0 	 42.0 
2.0 	 44.0 
2.0 	 46.0 
2.0 	 48.0 
2.0 	 50.0 
2.0 	 52.0 
2.0 	 54.0 
2.0 	 56.0 
2.0 	 58.0 
2.0 	 60.0 
2.0 	 62.0 
2.0 	 64.0 
2.0 	 66.0 
2.0 	 68.0 
2.0 	 70.0 
2.0 	 72.0 
2.0 	 74.0 
2.0 	 76.0 
2.0 	 78.0 
2.0 	 80.0 
2.0 	 82.0 
2.0 	 84.0 
2.0 	 86.0 
2.0 	 88.0 
2.0 	 90.0 
2.0 	 92.0 
2.0 	 94.0 
2.0 	 96.0 
2.0 	 98.0 
2.25 	 2.0 
2.25 	 4.0 
2.25 	 6.0 
2.25 	 8.0 
2.25 	 10.0 
2.25 	 12.0 
2.25 	 14.0 
2.25 	 16.0 
2.25 	 18.0 
2.25 	 20.0 
2.25 	 22.0 
2.25 	 24.0 
2.25 	 26.0 
2.25 	 28.0 
2.25 	 30.0 
2.25 	 32.0 
2.25 	 34.0 
2.25 	 36.0 
2.25 	 38.0 
2.25 	 40.0 
2.25 	 42.0 
2.25 	 44.0 
2.25 	 46.0 
2.25 	 48.0 
2.25 	 50.0 
2.25 	 52.0 
2.25 	 54.0 
2.25 	 56.0 
2.25 	 58.0 
2.25 	 60.0 
2.25 	 62.0 
2.25 	 64.0 
2.25 	 66.0 
2.25 	 68.0 
2.25 	 70.0 
2.25 	 72.0 
2.25 	 74.0 
2.25 	 76.0 
2.25 	 78.0 
2.25 	 80.0 
2.25 	 82.0 
2.25 	 84.0 
2.25 	 86.0 
2.25 	 88.0 
2.25 	 90.0 
2.25 	 92.0 
2.25 	 94.0 
2.25 	 96.0 
2.25 	 98.0 
2.5 	 2.0 
2.5 	 4.0 
2.5 	 6.0 
2.5 	 8.0 
2.5 	 10.0 
2.5 	 12.0 
2.5 	 14.0 
2.5 	 16.0 
2.5 	 18.0 
2.5 	 20.0 
2.5 	 22.0 
2.5 	 24.0 
2.5 	 26.0 
2.5 	 28.0 
2.5 	 30.0 
2.5 	 32.0 
2.5 	 34.0 
2.5 	 36.0 
2.5 	 38.0 
2.5 	 40.0 
2.5 	 42.0 
2.5 	 44.0 
2.5 	 46.0 
2.5 	 48.0 
2.5 	 50.0 
2.5 	 52.0 
2.5 	 54.0 
2.5 	 56.0 
2.5 	 58.0 
2.5 	 60.0 
2.5 	 62.0 
2.5 	 64.0 
2.5 	 66.0 
2.5 	 68.0 
2.5 	 70.0 
2.5 	 72.0 
2.5 	 74.0 
2.5 	 76.0 
2.5 	 78.0 
2.5 	 80.0 
2.5 	 82.0 
2.5 	 84.0 
2.5 	 86.0 
2.5 	 88.0 
2.5 	 90.0 
2.5 	 92.0 
2.5 	 94.0 
2.5 	 96.0 
2.5 	 98.0 
2.75 	 2.0 
2.75 	 4.0 
2.75 	 6.0 
2.75 	 8.0 
2.75 	 10.0 
2.75 	 12.0 
2.75 	 14.0 
2.75 	 16.0 
2.75 	 18.0 
2.75 	 20.0 
2.75 	 22.0 
2.75 	 24.0 
2.75 	 26.0 
2.75 	 28.0 
2.75 	 30.0 
2.75 	 32.0 
2.75 	 34.0 
2.75 	 36.0 
2.75 	 38.0 
2.75 	 40.0 
2.75 	 42.0 
2.75 	 44.0 
2.75 	 46.0 
2.75 	 48.0 
2.75 	 50.0 
2.75 	 52.0 
2.75 	 54.0 
2.75 	 56.0 
2.75 	 58.0 
2.75 	 60.0 
2.75 	 62.0 
2.75 	 64.0 
2.75 	 66.0 
2.75 	 68.0 
2.75 	 70.0 
2.75 	 72.0 
2.75 	 74.0 
2.75 	 76.0 
2.75 	 78.0 
2.75 	 80.0 
2.75 	 82.0 
2.75 	 84.0 
2.75 	 86.0 
2.75 	 88.0 
2.75 	 90.0 
2.75 	 92.0 
2.75 	 94.0 
2.75 	 96.0 
2.75 	 98.0 
