2.0 	 0.1 
2.0 	 0.12 
2.0 	 0.14 
2.0 	 0.16 
2.0 	 0.18 
2.0 	 0.2 
2.0 	 0.22 
2.0 	 0.24 
2.0 	 0.26 
2.0 	 0.28 
2.0 	 0.3 
2.0 	 0.32 
2.0 	 0.34 
2.0 	 0.36 
2.0 	 0.38 
2.0 	 0.4 
2.0 	 0.42 
2.0 	 0.44 
2.0 	 0.46 
2.0 	 0.48 
2.0 	 0.5 
2.0 	 0.52 
2.0 	 0.54 
2.0 	 0.56 
2.0 	 0.58 
2.0 	 0.6 
2.0 	 0.62 
2.0 	 0.64 
2.0 	 0.66 
2.0 	 0.68 
2.0 	 0.7 
2.0 	 0.72 
2.0 	 0.74 
4.0 	 0.1 
4.0 	 0.12 
4.0 	 0.14 
4.0 	 0.16 
4.0 	 0.18 
4.0 	 0.2 
4.0 	 0.22 
4.0 	 0.24 
4.0 	 0.26 
4.0 	 0.28 
4.0 	 0.3 
4.0 	 0.32 
4.0 	 0.34 
4.0 	 0.36 
4.0 	 0.38 
4.0 	 0.4 
4.0 	 0.42 
4.0 	 0.44 
4.0 	 0.46 
4.0 	 0.48 
4.0 	 0.5 
4.0 	 0.52 
4.0 	 0.54 
4.0 	 0.56 
4.0 	 0.58 
4.0 	 0.6 
4.0 	 0.62 
4.0 	 0.64 
4.0 	 0.66 
4.0 	 0.68 
4.0 	 0.7 
4.0 	 0.72 
4.0 	 0.74 
6.0 	 0.1 
6.0 	 0.12 
6.0 	 0.14 
6.0 	 0.16 
6.0 	 0.18 
6.0 	 0.2 
6.0 	 0.22 
6.0 	 0.24 
6.0 	 0.26 
6.0 	 0.28 
6.0 	 0.3 
6.0 	 0.32 
6.0 	 0.34 
6.0 	 0.36 
6.0 	 0.38 
6.0 	 0.4 
6.0 	 0.42 
6.0 	 0.44 
6.0 	 0.46 
6.0 	 0.48 
6.0 	 0.5 
6.0 	 0.52 
6.0 	 0.54 
6.0 	 0.56 
6.0 	 0.58 
6.0 	 0.6 
6.0 	 0.62 
6.0 	 0.64 
6.0 	 0.66 
6.0 	 0.68 
6.0 	 0.7 
6.0 	 0.72 
6.0 	 0.74 
8.0 	 0.1 
8.0 	 0.12 
8.0 	 0.14 
8.0 	 0.16 
8.0 	 0.18 
8.0 	 0.2 
8.0 	 0.22 
8.0 	 0.24 
8.0 	 0.26 
8.0 	 0.28 
8.0 	 0.3 
8.0 	 0.32 
8.0 	 0.34 
8.0 	 0.36 
8.0 	 0.38 
8.0 	 0.4 
8.0 	 0.42 
8.0 	 0.44 
8.0 	 0.46 
8.0 	 0.48 
8.0 	 0.5 
8.0 	 0.52 
8.0 	 0.54 
8.0 	 0.56 
8.0 	 0.58 
8.0 	 0.6 
8.0 	 0.62 
8.0 	 0.64 
8.0 	 0.66 
8.0 	 0.68 
8.0 	 0.7 
8.0 	 0.72 
8.0 	 0.74 
10.0 	 0.1 
10.0 	 0.12 
10.0 	 0.14 
10.0 	 0.16 
10.0 	 0.18 
10.0 	 0.2 
10.0 	 0.22 
10.0 	 0.24 
10.0 	 0.26 
10.0 	 0.28 
10.0 	 0.3 
10.0 	 0.32 
10.0 	 0.34 
10.0 	 0.36 
10.0 	 0.38 
10.0 	 0.4 
10.0 	 0.42 
10.0 	 0.44 
10.0 	 0.46 
10.0 	 0.48 
10.0 	 0.5 
10.0 	 0.52 
10.0 	 0.54 
10.0 	 0.56 
10.0 	 0.58 
10.0 	 0.6 
10.0 	 0.62 
10.0 	 0.64 
10.0 	 0.66 
10.0 	 0.68 
10.0 	 0.7 
10.0 	 0.72 
10.0 	 0.74 
12.0 	 0.1 
12.0 	 0.12 
12.0 	 0.14 
12.0 	 0.16 
12.0 	 0.18 
12.0 	 0.2 
12.0 	 0.22 
12.0 	 0.24 
12.0 	 0.26 
12.0 	 0.28 
12.0 	 0.3 
12.0 	 0.32 
12.0 	 0.34 
12.0 	 0.36 
12.0 	 0.38 
12.0 	 0.4 
12.0 	 0.42 
12.0 	 0.44 
12.0 	 0.46 
12.0 	 0.48 
12.0 	 0.5 
12.0 	 0.52 
12.0 	 0.54 
12.0 	 0.56 
12.0 	 0.58 
12.0 	 0.6 
12.0 	 0.62 
12.0 	 0.64 
12.0 	 0.66 
12.0 	 0.68 
12.0 	 0.7 
12.0 	 0.72 
12.0 	 0.74 
14.0 	 0.1 
14.0 	 0.12 
14.0 	 0.14 
14.0 	 0.16 
14.0 	 0.18 
14.0 	 0.2 
14.0 	 0.22 
14.0 	 0.24 
14.0 	 0.26 
14.0 	 0.28 
14.0 	 0.3 
14.0 	 0.32 
14.0 	 0.34 
14.0 	 0.36 
14.0 	 0.38 
14.0 	 0.4 
14.0 	 0.42 
14.0 	 0.44 
14.0 	 0.46 
14.0 	 0.48 
14.0 	 0.5 
14.0 	 0.52 
14.0 	 0.54 
14.0 	 0.56 
14.0 	 0.58 
14.0 	 0.6 
14.0 	 0.62 
14.0 	 0.64 
14.0 	 0.66 
14.0 	 0.68 
14.0 	 0.7 
14.0 	 0.72 
14.0 	 0.74 
16.0 	 0.1 
16.0 	 0.12 
16.0 	 0.14 
16.0 	 0.16 
16.0 	 0.18 
16.0 	 0.2 
16.0 	 0.22 
16.0 	 0.24 
16.0 	 0.26 
16.0 	 0.28 
16.0 	 0.3 
16.0 	 0.32 
16.0 	 0.34 
16.0 	 0.36 
16.0 	 0.38 
16.0 	 0.4 
16.0 	 0.42 
16.0 	 0.44 
16.0 	 0.46 
16.0 	 0.48 
16.0 	 0.5 
16.0 	 0.52 
16.0 	 0.54 
16.0 	 0.56 
16.0 	 0.58 
16.0 	 0.6 
16.0 	 0.62 
16.0 	 0.64 
16.0 	 0.66 
16.0 	 0.68 
16.0 	 0.7 
16.0 	 0.72 
16.0 	 0.74 
18.0 	 0.1 
18.0 	 0.12 
18.0 	 0.14 
18.0 	 0.16 
18.0 	 0.18 
18.0 	 0.2 
18.0 	 0.22 
18.0 	 0.24 
18.0 	 0.26 
18.0 	 0.28 
18.0 	 0.3 
18.0 	 0.32 
18.0 	 0.34 
18.0 	 0.36 
18.0 	 0.38 
18.0 	 0.4 
18.0 	 0.42 
18.0 	 0.44 
18.0 	 0.46 
18.0 	 0.48 
18.0 	 0.5 
18.0 	 0.52 
18.0 	 0.54 
18.0 	 0.56 
18.0 	 0.58 
18.0 	 0.6 
18.0 	 0.62 
18.0 	 0.64 
18.0 	 0.66 
18.0 	 0.68 
18.0 	 0.7 
18.0 	 0.72 
18.0 	 0.74 
20.0 	 0.1 
20.0 	 0.12 
20.0 	 0.14 
20.0 	 0.16 
20.0 	 0.18 
20.0 	 0.2 
20.0 	 0.22 
20.0 	 0.24 
20.0 	 0.26 
20.0 	 0.28 
20.0 	 0.3 
20.0 	 0.32 
20.0 	 0.34 
20.0 	 0.36 
20.0 	 0.38 
20.0 	 0.4 
20.0 	 0.42 
20.0 	 0.44 
20.0 	 0.46 
20.0 	 0.48 
20.0 	 0.5 
20.0 	 0.52 
20.0 	 0.54 
20.0 	 0.56 
20.0 	 0.58 
20.0 	 0.6 
20.0 	 0.62 
20.0 	 0.64 
20.0 	 0.66 
20.0 	 0.68 
20.0 	 0.7 
20.0 	 0.72 
20.0 	 0.74 
22.0 	 0.1 
22.0 	 0.12 
22.0 	 0.14 
22.0 	 0.16 
22.0 	 0.18 
22.0 	 0.2 
22.0 	 0.22 
22.0 	 0.24 
22.0 	 0.26 
22.0 	 0.28 
22.0 	 0.3 
22.0 	 0.32 
22.0 	 0.34 
22.0 	 0.36 
22.0 	 0.38 
22.0 	 0.4 
22.0 	 0.42 
22.0 	 0.44 
22.0 	 0.46 
22.0 	 0.48 
22.0 	 0.5 
22.0 	 0.52 
22.0 	 0.54 
22.0 	 0.56 
22.0 	 0.58 
22.0 	 0.6 
22.0 	 0.62 
22.0 	 0.64 
22.0 	 0.66 
22.0 	 0.68 
22.0 	 0.7 
22.0 	 0.72 
22.0 	 0.74 
24.0 	 0.1 
24.0 	 0.12 
24.0 	 0.14 
24.0 	 0.16 
24.0 	 0.18 
24.0 	 0.2 
24.0 	 0.22 
24.0 	 0.24 
24.0 	 0.26 
24.0 	 0.28 
24.0 	 0.3 
24.0 	 0.32 
24.0 	 0.34 
24.0 	 0.36 
24.0 	 0.38 
24.0 	 0.4 
24.0 	 0.42 
24.0 	 0.44 
24.0 	 0.46 
24.0 	 0.48 
24.0 	 0.5 
24.0 	 0.52 
24.0 	 0.54 
24.0 	 0.56 
24.0 	 0.58 
24.0 	 0.6 
24.0 	 0.62 
24.0 	 0.64 
24.0 	 0.66 
24.0 	 0.68 
24.0 	 0.7 
24.0 	 0.72 
24.0 	 0.74 
26.0 	 0.1 
26.0 	 0.12 
26.0 	 0.14 
26.0 	 0.16 
26.0 	 0.18 
26.0 	 0.2 
26.0 	 0.22 
26.0 	 0.24 
26.0 	 0.26 
26.0 	 0.28 
26.0 	 0.3 
26.0 	 0.32 
26.0 	 0.34 
26.0 	 0.36 
26.0 	 0.38 
26.0 	 0.4 
26.0 	 0.42 
26.0 	 0.44 
26.0 	 0.46 
26.0 	 0.48 
26.0 	 0.5 
26.0 	 0.52 
26.0 	 0.54 
26.0 	 0.56 
26.0 	 0.58 
26.0 	 0.6 
26.0 	 0.62 
26.0 	 0.64 
26.0 	 0.66 
26.0 	 0.68 
26.0 	 0.7 
26.0 	 0.72 
26.0 	 0.74 
28.0 	 0.1 
28.0 	 0.12 
28.0 	 0.14 
28.0 	 0.16 
28.0 	 0.18 
28.0 	 0.2 
28.0 	 0.22 
28.0 	 0.24 
28.0 	 0.26 
28.0 	 0.28 
28.0 	 0.3 
28.0 	 0.32 
28.0 	 0.34 
28.0 	 0.36 
28.0 	 0.38 
28.0 	 0.4 
28.0 	 0.42 
28.0 	 0.44 
28.0 	 0.46 
28.0 	 0.48 
28.0 	 0.5 
28.0 	 0.52 
28.0 	 0.54 
28.0 	 0.56 
28.0 	 0.58 
28.0 	 0.6 
28.0 	 0.62 
28.0 	 0.64 
28.0 	 0.66 
28.0 	 0.68 
28.0 	 0.7 
28.0 	 0.72 
28.0 	 0.74 
30.0 	 0.1 
30.0 	 0.12 
30.0 	 0.14 
30.0 	 0.16 
30.0 	 0.18 
30.0 	 0.2 
30.0 	 0.22 
30.0 	 0.24 
30.0 	 0.26 
30.0 	 0.28 
30.0 	 0.3 
30.0 	 0.32 
30.0 	 0.34 
30.0 	 0.36 
30.0 	 0.38 
30.0 	 0.4 
30.0 	 0.42 
30.0 	 0.44 
30.0 	 0.46 
30.0 	 0.48 
30.0 	 0.5 
30.0 	 0.52 
30.0 	 0.54 
30.0 	 0.56 
30.0 	 0.58 
30.0 	 0.6 
30.0 	 0.62 
30.0 	 0.64 
30.0 	 0.66 
30.0 	 0.68 
30.0 	 0.7 
30.0 	 0.72 
30.0 	 0.74 
32.0 	 0.1 
32.0 	 0.12 
32.0 	 0.14 
32.0 	 0.16 
32.0 	 0.18 
32.0 	 0.2 
32.0 	 0.22 
32.0 	 0.24 
32.0 	 0.26 
32.0 	 0.28 
32.0 	 0.3 
32.0 	 0.32 
32.0 	 0.34 
32.0 	 0.36 
32.0 	 0.38 
32.0 	 0.4 
32.0 	 0.42 
32.0 	 0.44 
32.0 	 0.46 
32.0 	 0.48 
32.0 	 0.5 
32.0 	 0.52 
32.0 	 0.54 
32.0 	 0.56 
32.0 	 0.58 
32.0 	 0.6 
32.0 	 0.62 
32.0 	 0.64 
32.0 	 0.66 
32.0 	 0.68 
32.0 	 0.7 
32.0 	 0.72 
32.0 	 0.74 
34.0 	 0.1 
34.0 	 0.12 
34.0 	 0.14 
34.0 	 0.16 
34.0 	 0.18 
34.0 	 0.2 
34.0 	 0.22 
34.0 	 0.24 
34.0 	 0.26 
34.0 	 0.28 
34.0 	 0.3 
34.0 	 0.32 
34.0 	 0.34 
34.0 	 0.36 
34.0 	 0.38 
34.0 	 0.4 
34.0 	 0.42 
34.0 	 0.44 
34.0 	 0.46 
34.0 	 0.48 
34.0 	 0.5 
34.0 	 0.52 
34.0 	 0.54 
34.0 	 0.56 
34.0 	 0.58 
34.0 	 0.6 
34.0 	 0.62 
34.0 	 0.64 
34.0 	 0.66 
34.0 	 0.68 
34.0 	 0.7 
34.0 	 0.72 
34.0 	 0.74 
36.0 	 0.1 
36.0 	 0.12 
36.0 	 0.14 
36.0 	 0.16 
36.0 	 0.18 
36.0 	 0.2 
36.0 	 0.22 
36.0 	 0.24 
36.0 	 0.26 
36.0 	 0.28 
36.0 	 0.3 
36.0 	 0.32 
36.0 	 0.34 
36.0 	 0.36 
36.0 	 0.38 
36.0 	 0.4 
36.0 	 0.42 
36.0 	 0.44 
36.0 	 0.46 
36.0 	 0.48 
36.0 	 0.5 
36.0 	 0.52 
36.0 	 0.54 
36.0 	 0.56 
36.0 	 0.58 
36.0 	 0.6 
36.0 	 0.62 
36.0 	 0.64 
36.0 	 0.66 
36.0 	 0.68 
36.0 	 0.7 
36.0 	 0.72 
36.0 	 0.74 
38.0 	 0.1 
38.0 	 0.12 
38.0 	 0.14 
38.0 	 0.16 
38.0 	 0.18 
38.0 	 0.2 
38.0 	 0.22 
38.0 	 0.24 
38.0 	 0.26 
38.0 	 0.28 
38.0 	 0.3 
38.0 	 0.32 
38.0 	 0.34 
38.0 	 0.36 
38.0 	 0.38 
38.0 	 0.4 
38.0 	 0.42 
38.0 	 0.44 
38.0 	 0.46 
38.0 	 0.48 
38.0 	 0.5 
38.0 	 0.52 
38.0 	 0.54 
38.0 	 0.56 
38.0 	 0.58 
38.0 	 0.6 
38.0 	 0.62 
38.0 	 0.64 
38.0 	 0.66 
38.0 	 0.68 
38.0 	 0.7 
38.0 	 0.72 
38.0 	 0.74 
40.0 	 0.1 
40.0 	 0.12 
40.0 	 0.14 
40.0 	 0.16 
40.0 	 0.18 
40.0 	 0.2 
40.0 	 0.22 
40.0 	 0.24 
40.0 	 0.26 
40.0 	 0.28 
40.0 	 0.3 
40.0 	 0.32 
40.0 	 0.34 
40.0 	 0.36 
40.0 	 0.38 
40.0 	 0.4 
40.0 	 0.42 
40.0 	 0.44 
40.0 	 0.46 
40.0 	 0.48 
40.0 	 0.5 
40.0 	 0.52 
40.0 	 0.54 
40.0 	 0.56 
40.0 	 0.58 
40.0 	 0.6 
40.0 	 0.62 
40.0 	 0.64 
40.0 	 0.66 
40.0 	 0.68 
40.0 	 0.7 
40.0 	 0.72 
40.0 	 0.74 
42.0 	 0.1 
42.0 	 0.12 
42.0 	 0.14 
42.0 	 0.16 
42.0 	 0.18 
42.0 	 0.2 
42.0 	 0.22 
42.0 	 0.24 
42.0 	 0.26 
42.0 	 0.28 
42.0 	 0.3 
42.0 	 0.32 
42.0 	 0.34 
42.0 	 0.36 
42.0 	 0.38 
42.0 	 0.4 
42.0 	 0.42 
42.0 	 0.44 
42.0 	 0.46 
42.0 	 0.48 
42.0 	 0.5 
42.0 	 0.52 
42.0 	 0.54 
42.0 	 0.56 
42.0 	 0.58 
42.0 	 0.6 
42.0 	 0.62 
42.0 	 0.64 
42.0 	 0.66 
42.0 	 0.68 
42.0 	 0.7 
42.0 	 0.72 
42.0 	 0.74 
44.0 	 0.1 
44.0 	 0.12 
44.0 	 0.14 
44.0 	 0.16 
44.0 	 0.18 
44.0 	 0.2 
44.0 	 0.22 
44.0 	 0.24 
44.0 	 0.26 
44.0 	 0.28 
44.0 	 0.3 
44.0 	 0.32 
44.0 	 0.34 
44.0 	 0.36 
44.0 	 0.38 
44.0 	 0.4 
44.0 	 0.42 
44.0 	 0.44 
44.0 	 0.46 
44.0 	 0.48 
44.0 	 0.5 
44.0 	 0.52 
44.0 	 0.54 
44.0 	 0.56 
44.0 	 0.58 
44.0 	 0.6 
44.0 	 0.62 
44.0 	 0.64 
44.0 	 0.66 
44.0 	 0.68 
44.0 	 0.7 
44.0 	 0.72 
44.0 	 0.74 
46.0 	 0.1 
46.0 	 0.12 
46.0 	 0.14 
46.0 	 0.16 
46.0 	 0.18 
46.0 	 0.2 
46.0 	 0.22 
46.0 	 0.24 
46.0 	 0.26 
46.0 	 0.28 
46.0 	 0.3 
46.0 	 0.32 
46.0 	 0.34 
46.0 	 0.36 
46.0 	 0.38 
46.0 	 0.4 
46.0 	 0.42 
46.0 	 0.44 
46.0 	 0.46 
46.0 	 0.48 
46.0 	 0.5 
46.0 	 0.52 
46.0 	 0.54 
46.0 	 0.56 
46.0 	 0.58 
46.0 	 0.6 
46.0 	 0.62 
46.0 	 0.64 
46.0 	 0.66 
46.0 	 0.68 
46.0 	 0.7 
46.0 	 0.72 
46.0 	 0.74 
48.0 	 0.1 
48.0 	 0.12 
48.0 	 0.14 
48.0 	 0.16 
48.0 	 0.18 
48.0 	 0.2 
48.0 	 0.22 
48.0 	 0.24 
48.0 	 0.26 
48.0 	 0.28 
48.0 	 0.3 
48.0 	 0.32 
48.0 	 0.34 
48.0 	 0.36 
48.0 	 0.38 
48.0 	 0.4 
48.0 	 0.42 
48.0 	 0.44 
48.0 	 0.46 
48.0 	 0.48 
48.0 	 0.5 
48.0 	 0.52 
48.0 	 0.54 
48.0 	 0.56 
48.0 	 0.58 
48.0 	 0.6 
48.0 	 0.62 
48.0 	 0.64 
48.0 	 0.66 
48.0 	 0.68 
48.0 	 0.7 
48.0 	 0.72 
48.0 	 0.74 
50.0 	 0.1 
50.0 	 0.12 
50.0 	 0.14 
50.0 	 0.16 
50.0 	 0.18 
50.0 	 0.2 
50.0 	 0.22 
50.0 	 0.24 
50.0 	 0.26 
50.0 	 0.28 
50.0 	 0.3 
50.0 	 0.32 
50.0 	 0.34 
50.0 	 0.36 
50.0 	 0.38 
50.0 	 0.4 
50.0 	 0.42 
50.0 	 0.44 
50.0 	 0.46 
50.0 	 0.48 
50.0 	 0.5 
50.0 	 0.52 
50.0 	 0.54 
50.0 	 0.56 
50.0 	 0.58 
50.0 	 0.6 
50.0 	 0.62 
50.0 	 0.64 
50.0 	 0.66 
50.0 	 0.68 
50.0 	 0.7 
50.0 	 0.72 
50.0 	 0.74 
52.0 	 0.1 
52.0 	 0.12 
52.0 	 0.14 
52.0 	 0.16 
52.0 	 0.18 
52.0 	 0.2 
52.0 	 0.22 
52.0 	 0.24 
52.0 	 0.26 
52.0 	 0.28 
52.0 	 0.3 
52.0 	 0.32 
52.0 	 0.34 
52.0 	 0.36 
52.0 	 0.38 
52.0 	 0.4 
52.0 	 0.42 
52.0 	 0.44 
52.0 	 0.46 
52.0 	 0.48 
52.0 	 0.5 
52.0 	 0.52 
52.0 	 0.54 
52.0 	 0.56 
52.0 	 0.58 
52.0 	 0.6 
52.0 	 0.62 
52.0 	 0.64 
52.0 	 0.66 
52.0 	 0.68 
52.0 	 0.7 
52.0 	 0.72 
52.0 	 0.74 
54.0 	 0.1 
54.0 	 0.12 
54.0 	 0.14 
54.0 	 0.16 
54.0 	 0.18 
54.0 	 0.2 
54.0 	 0.22 
54.0 	 0.24 
54.0 	 0.26 
54.0 	 0.28 
54.0 	 0.3 
54.0 	 0.32 
54.0 	 0.34 
54.0 	 0.36 
54.0 	 0.38 
54.0 	 0.4 
54.0 	 0.42 
54.0 	 0.44 
54.0 	 0.46 
54.0 	 0.48 
54.0 	 0.5 
54.0 	 0.52 
54.0 	 0.54 
54.0 	 0.56 
54.0 	 0.58 
54.0 	 0.6 
54.0 	 0.62 
54.0 	 0.64 
54.0 	 0.66 
54.0 	 0.68 
54.0 	 0.7 
54.0 	 0.72 
54.0 	 0.74 
56.0 	 0.1 
56.0 	 0.12 
56.0 	 0.14 
56.0 	 0.16 
56.0 	 0.18 
56.0 	 0.2 
56.0 	 0.22 
56.0 	 0.24 
56.0 	 0.26 
56.0 	 0.28 
56.0 	 0.3 
56.0 	 0.32 
56.0 	 0.34 
56.0 	 0.36 
56.0 	 0.38 
56.0 	 0.4 
56.0 	 0.42 
56.0 	 0.44 
56.0 	 0.46 
56.0 	 0.48 
56.0 	 0.5 
56.0 	 0.52 
56.0 	 0.54 
56.0 	 0.56 
56.0 	 0.58 
56.0 	 0.6 
56.0 	 0.62 
56.0 	 0.64 
56.0 	 0.66 
56.0 	 0.68 
56.0 	 0.7 
56.0 	 0.72 
56.0 	 0.74 
58.0 	 0.1 
58.0 	 0.12 
58.0 	 0.14 
58.0 	 0.16 
58.0 	 0.18 
58.0 	 0.2 
58.0 	 0.22 
58.0 	 0.24 
58.0 	 0.26 
58.0 	 0.28 
58.0 	 0.3 
58.0 	 0.32 
58.0 	 0.34 
58.0 	 0.36 
58.0 	 0.38 
58.0 	 0.4 
58.0 	 0.42 
58.0 	 0.44 
58.0 	 0.46 
58.0 	 0.48 
58.0 	 0.5 
58.0 	 0.52 
58.0 	 0.54 
58.0 	 0.56 
58.0 	 0.58 
58.0 	 0.6 
58.0 	 0.62 
58.0 	 0.64 
58.0 	 0.66 
58.0 	 0.68 
58.0 	 0.7 
58.0 	 0.72 
58.0 	 0.74 
60.0 	 0.1 
60.0 	 0.12 
60.0 	 0.14 
60.0 	 0.16 
60.0 	 0.18 
60.0 	 0.2 
60.0 	 0.22 
60.0 	 0.24 
60.0 	 0.26 
60.0 	 0.28 
60.0 	 0.3 
60.0 	 0.32 
60.0 	 0.34 
60.0 	 0.36 
60.0 	 0.38 
60.0 	 0.4 
60.0 	 0.42 
60.0 	 0.44 
60.0 	 0.46 
60.0 	 0.48 
60.0 	 0.5 
60.0 	 0.52 
60.0 	 0.54 
60.0 	 0.56 
60.0 	 0.58 
60.0 	 0.6 
60.0 	 0.62 
60.0 	 0.64 
60.0 	 0.66 
60.0 	 0.68 
60.0 	 0.7 
60.0 	 0.72 
60.0 	 0.74 
62.0 	 0.1 
62.0 	 0.12 
62.0 	 0.14 
62.0 	 0.16 
62.0 	 0.18 
62.0 	 0.2 
62.0 	 0.22 
62.0 	 0.24 
62.0 	 0.26 
62.0 	 0.28 
62.0 	 0.3 
62.0 	 0.32 
62.0 	 0.34 
62.0 	 0.36 
62.0 	 0.38 
62.0 	 0.4 
62.0 	 0.42 
62.0 	 0.44 
62.0 	 0.46 
62.0 	 0.48 
62.0 	 0.5 
62.0 	 0.52 
62.0 	 0.54 
62.0 	 0.56 
62.0 	 0.58 
62.0 	 0.6 
62.0 	 0.62 
62.0 	 0.64 
62.0 	 0.66 
62.0 	 0.68 
62.0 	 0.7 
62.0 	 0.72 
62.0 	 0.74 
64.0 	 0.1 
64.0 	 0.12 
64.0 	 0.14 
64.0 	 0.16 
64.0 	 0.18 
64.0 	 0.2 
64.0 	 0.22 
64.0 	 0.24 
64.0 	 0.26 
64.0 	 0.28 
64.0 	 0.3 
64.0 	 0.32 
64.0 	 0.34 
64.0 	 0.36 
64.0 	 0.38 
64.0 	 0.4 
64.0 	 0.42 
64.0 	 0.44 
64.0 	 0.46 
64.0 	 0.48 
64.0 	 0.5 
64.0 	 0.52 
64.0 	 0.54 
64.0 	 0.56 
64.0 	 0.58 
64.0 	 0.6 
64.0 	 0.62 
64.0 	 0.64 
64.0 	 0.66 
64.0 	 0.68 
64.0 	 0.7 
64.0 	 0.72 
64.0 	 0.74 
66.0 	 0.1 
66.0 	 0.12 
66.0 	 0.14 
66.0 	 0.16 
66.0 	 0.18 
66.0 	 0.2 
66.0 	 0.22 
66.0 	 0.24 
66.0 	 0.26 
66.0 	 0.28 
66.0 	 0.3 
66.0 	 0.32 
66.0 	 0.34 
66.0 	 0.36 
66.0 	 0.38 
66.0 	 0.4 
66.0 	 0.42 
66.0 	 0.44 
66.0 	 0.46 
66.0 	 0.48 
66.0 	 0.5 
66.0 	 0.52 
66.0 	 0.54 
66.0 	 0.56 
66.0 	 0.58 
66.0 	 0.6 
66.0 	 0.62 
66.0 	 0.64 
66.0 	 0.66 
66.0 	 0.68 
66.0 	 0.7 
66.0 	 0.72 
66.0 	 0.74 
68.0 	 0.1 
68.0 	 0.12 
68.0 	 0.14 
68.0 	 0.16 
68.0 	 0.18 
68.0 	 0.2 
68.0 	 0.22 
68.0 	 0.24 
68.0 	 0.26 
68.0 	 0.28 
68.0 	 0.3 
68.0 	 0.32 
68.0 	 0.34 
68.0 	 0.36 
68.0 	 0.38 
68.0 	 0.4 
68.0 	 0.42 
68.0 	 0.44 
68.0 	 0.46 
68.0 	 0.48 
68.0 	 0.5 
68.0 	 0.52 
68.0 	 0.54 
68.0 	 0.56 
68.0 	 0.58 
68.0 	 0.6 
68.0 	 0.62 
68.0 	 0.64 
68.0 	 0.66 
68.0 	 0.68 
68.0 	 0.7 
68.0 	 0.72 
68.0 	 0.74 
70.0 	 0.1 
70.0 	 0.12 
70.0 	 0.14 
70.0 	 0.16 
70.0 	 0.18 
70.0 	 0.2 
70.0 	 0.22 
70.0 	 0.24 
70.0 	 0.26 
70.0 	 0.28 
70.0 	 0.3 
70.0 	 0.32 
70.0 	 0.34 
70.0 	 0.36 
70.0 	 0.38 
70.0 	 0.4 
70.0 	 0.42 
70.0 	 0.44 
70.0 	 0.46 
70.0 	 0.48 
70.0 	 0.5 
70.0 	 0.52 
70.0 	 0.54 
70.0 	 0.56 
70.0 	 0.58 
70.0 	 0.6 
70.0 	 0.62 
70.0 	 0.64 
70.0 	 0.66 
70.0 	 0.68 
70.0 	 0.7 
70.0 	 0.72 
70.0 	 0.74 
72.0 	 0.1 
72.0 	 0.12 
72.0 	 0.14 
72.0 	 0.16 
72.0 	 0.18 
72.0 	 0.2 
72.0 	 0.22 
72.0 	 0.24 
72.0 	 0.26 
72.0 	 0.28 
72.0 	 0.3 
72.0 	 0.32 
72.0 	 0.34 
72.0 	 0.36 
72.0 	 0.38 
72.0 	 0.4 
72.0 	 0.42 
72.0 	 0.44 
72.0 	 0.46 
72.0 	 0.48 
72.0 	 0.5 
72.0 	 0.52 
72.0 	 0.54 
72.0 	 0.56 
72.0 	 0.58 
72.0 	 0.6 
72.0 	 0.62 
72.0 	 0.64 
72.0 	 0.66 
72.0 	 0.68 
72.0 	 0.7 
72.0 	 0.72 
72.0 	 0.74 
74.0 	 0.1 
74.0 	 0.12 
74.0 	 0.14 
74.0 	 0.16 
74.0 	 0.18 
74.0 	 0.2 
74.0 	 0.22 
74.0 	 0.24 
74.0 	 0.26 
74.0 	 0.28 
74.0 	 0.3 
74.0 	 0.32 
74.0 	 0.34 
74.0 	 0.36 
74.0 	 0.38 
74.0 	 0.4 
74.0 	 0.42 
74.0 	 0.44 
74.0 	 0.46 
74.0 	 0.48 
74.0 	 0.5 
74.0 	 0.52 
74.0 	 0.54 
74.0 	 0.56 
74.0 	 0.58 
74.0 	 0.6 
74.0 	 0.62 
74.0 	 0.64 
74.0 	 0.66 
74.0 	 0.68 
74.0 	 0.7 
74.0 	 0.72 
74.0 	 0.74 
76.0 	 0.1 
76.0 	 0.12 
76.0 	 0.14 
76.0 	 0.16 
76.0 	 0.18 
76.0 	 0.2 
76.0 	 0.22 
76.0 	 0.24 
76.0 	 0.26 
76.0 	 0.28 
76.0 	 0.3 
76.0 	 0.32 
76.0 	 0.34 
76.0 	 0.36 
76.0 	 0.38 
76.0 	 0.4 
76.0 	 0.42 
76.0 	 0.44 
76.0 	 0.46 
76.0 	 0.48 
76.0 	 0.5 
76.0 	 0.52 
76.0 	 0.54 
76.0 	 0.56 
76.0 	 0.58 
76.0 	 0.6 
76.0 	 0.62 
76.0 	 0.64 
76.0 	 0.66 
76.0 	 0.68 
76.0 	 0.7 
76.0 	 0.72 
76.0 	 0.74 
78.0 	 0.1 
78.0 	 0.12 
78.0 	 0.14 
78.0 	 0.16 
78.0 	 0.18 
78.0 	 0.2 
78.0 	 0.22 
78.0 	 0.24 
78.0 	 0.26 
78.0 	 0.28 
78.0 	 0.3 
78.0 	 0.32 
78.0 	 0.34 
78.0 	 0.36 
78.0 	 0.38 
78.0 	 0.4 
78.0 	 0.42 
78.0 	 0.44 
78.0 	 0.46 
78.0 	 0.48 
78.0 	 0.5 
78.0 	 0.52 
78.0 	 0.54 
78.0 	 0.56 
78.0 	 0.58 
78.0 	 0.6 
78.0 	 0.62 
78.0 	 0.64 
78.0 	 0.66 
78.0 	 0.68 
78.0 	 0.7 
78.0 	 0.72 
78.0 	 0.74 
80.0 	 0.1 
80.0 	 0.12 
80.0 	 0.14 
80.0 	 0.16 
80.0 	 0.18 
80.0 	 0.2 
80.0 	 0.22 
80.0 	 0.24 
80.0 	 0.26 
80.0 	 0.28 
80.0 	 0.3 
80.0 	 0.32 
80.0 	 0.34 
80.0 	 0.36 
80.0 	 0.38 
80.0 	 0.4 
80.0 	 0.42 
80.0 	 0.44 
80.0 	 0.46 
80.0 	 0.48 
80.0 	 0.5 
80.0 	 0.52 
80.0 	 0.54 
80.0 	 0.56 
80.0 	 0.58 
80.0 	 0.6 
80.0 	 0.62 
80.0 	 0.64 
80.0 	 0.66 
80.0 	 0.68 
80.0 	 0.7 
80.0 	 0.72 
80.0 	 0.74 
82.0 	 0.1 
82.0 	 0.12 
82.0 	 0.14 
82.0 	 0.16 
82.0 	 0.18 
82.0 	 0.2 
82.0 	 0.22 
82.0 	 0.24 
82.0 	 0.26 
82.0 	 0.28 
82.0 	 0.3 
82.0 	 0.32 
82.0 	 0.34 
82.0 	 0.36 
82.0 	 0.38 
82.0 	 0.4 
82.0 	 0.42 
82.0 	 0.44 
82.0 	 0.46 
82.0 	 0.48 
82.0 	 0.5 
82.0 	 0.52 
82.0 	 0.54 
82.0 	 0.56 
82.0 	 0.58 
82.0 	 0.6 
82.0 	 0.62 
82.0 	 0.64 
82.0 	 0.66 
82.0 	 0.68 
82.0 	 0.7 
82.0 	 0.72 
82.0 	 0.74 
84.0 	 0.1 
84.0 	 0.12 
84.0 	 0.14 
84.0 	 0.16 
84.0 	 0.18 
84.0 	 0.2 
84.0 	 0.22 
84.0 	 0.24 
84.0 	 0.26 
84.0 	 0.28 
84.0 	 0.3 
84.0 	 0.32 
84.0 	 0.34 
84.0 	 0.36 
84.0 	 0.38 
84.0 	 0.4 
84.0 	 0.42 
84.0 	 0.44 
84.0 	 0.46 
84.0 	 0.48 
84.0 	 0.5 
84.0 	 0.52 
84.0 	 0.54 
84.0 	 0.56 
84.0 	 0.58 
84.0 	 0.6 
84.0 	 0.62 
84.0 	 0.64 
84.0 	 0.66 
84.0 	 0.68 
84.0 	 0.7 
84.0 	 0.72 
84.0 	 0.74 
86.0 	 0.1 
86.0 	 0.12 
86.0 	 0.14 
86.0 	 0.16 
86.0 	 0.18 
86.0 	 0.2 
86.0 	 0.22 
86.0 	 0.24 
86.0 	 0.26 
86.0 	 0.28 
86.0 	 0.3 
86.0 	 0.32 
86.0 	 0.34 
86.0 	 0.36 
86.0 	 0.38 
86.0 	 0.4 
86.0 	 0.42 
86.0 	 0.44 
86.0 	 0.46 
86.0 	 0.48 
86.0 	 0.5 
86.0 	 0.52 
86.0 	 0.54 
86.0 	 0.56 
86.0 	 0.58 
86.0 	 0.6 
86.0 	 0.62 
86.0 	 0.64 
86.0 	 0.66 
86.0 	 0.68 
86.0 	 0.7 
86.0 	 0.72 
86.0 	 0.74 
88.0 	 0.1 
88.0 	 0.12 
88.0 	 0.14 
88.0 	 0.16 
88.0 	 0.18 
88.0 	 0.2 
88.0 	 0.22 
88.0 	 0.24 
88.0 	 0.26 
88.0 	 0.28 
88.0 	 0.3 
88.0 	 0.32 
88.0 	 0.34 
88.0 	 0.36 
88.0 	 0.38 
88.0 	 0.4 
88.0 	 0.42 
88.0 	 0.44 
88.0 	 0.46 
88.0 	 0.48 
88.0 	 0.5 
88.0 	 0.52 
88.0 	 0.54 
88.0 	 0.56 
88.0 	 0.58 
88.0 	 0.6 
88.0 	 0.62 
88.0 	 0.64 
88.0 	 0.66 
88.0 	 0.68 
88.0 	 0.7 
88.0 	 0.72 
88.0 	 0.74 
90.0 	 0.1 
90.0 	 0.12 
90.0 	 0.14 
90.0 	 0.16 
90.0 	 0.18 
90.0 	 0.2 
90.0 	 0.22 
90.0 	 0.24 
90.0 	 0.26 
90.0 	 0.28 
90.0 	 0.3 
90.0 	 0.32 
90.0 	 0.34 
90.0 	 0.36 
90.0 	 0.38 
90.0 	 0.4 
90.0 	 0.42 
90.0 	 0.44 
90.0 	 0.46 
90.0 	 0.48 
90.0 	 0.5 
90.0 	 0.52 
90.0 	 0.54 
90.0 	 0.56 
90.0 	 0.58 
90.0 	 0.6 
90.0 	 0.62 
90.0 	 0.64 
90.0 	 0.66 
90.0 	 0.68 
90.0 	 0.7 
90.0 	 0.72 
90.0 	 0.74 
92.0 	 0.1 
92.0 	 0.12 
92.0 	 0.14 
92.0 	 0.16 
92.0 	 0.18 
92.0 	 0.2 
92.0 	 0.22 
92.0 	 0.24 
92.0 	 0.26 
92.0 	 0.28 
92.0 	 0.3 
92.0 	 0.32 
92.0 	 0.34 
92.0 	 0.36 
92.0 	 0.38 
92.0 	 0.4 
92.0 	 0.42 
92.0 	 0.44 
92.0 	 0.46 
92.0 	 0.48 
92.0 	 0.5 
92.0 	 0.52 
92.0 	 0.54 
92.0 	 0.56 
92.0 	 0.58 
92.0 	 0.6 
92.0 	 0.62 
92.0 	 0.64 
92.0 	 0.66 
92.0 	 0.68 
92.0 	 0.7 
92.0 	 0.72 
92.0 	 0.74 
94.0 	 0.1 
94.0 	 0.12 
94.0 	 0.14 
94.0 	 0.16 
94.0 	 0.18 
94.0 	 0.2 
94.0 	 0.22 
94.0 	 0.24 
94.0 	 0.26 
94.0 	 0.28 
94.0 	 0.3 
94.0 	 0.32 
94.0 	 0.34 
94.0 	 0.36 
94.0 	 0.38 
94.0 	 0.4 
94.0 	 0.42 
94.0 	 0.44 
94.0 	 0.46 
94.0 	 0.48 
94.0 	 0.5 
94.0 	 0.52 
94.0 	 0.54 
94.0 	 0.56 
94.0 	 0.58 
94.0 	 0.6 
94.0 	 0.62 
94.0 	 0.64 
94.0 	 0.66 
94.0 	 0.68 
94.0 	 0.7 
94.0 	 0.72 
94.0 	 0.74 
96.0 	 0.1 
96.0 	 0.12 
96.0 	 0.14 
96.0 	 0.16 
96.0 	 0.18 
96.0 	 0.2 
96.0 	 0.22 
96.0 	 0.24 
96.0 	 0.26 
96.0 	 0.28 
96.0 	 0.3 
96.0 	 0.32 
96.0 	 0.34 
96.0 	 0.36 
96.0 	 0.38 
96.0 	 0.4 
96.0 	 0.42 
96.0 	 0.44 
96.0 	 0.46 
96.0 	 0.48 
96.0 	 0.5 
96.0 	 0.52 
96.0 	 0.54 
96.0 	 0.56 
96.0 	 0.58 
96.0 	 0.6 
96.0 	 0.62 
96.0 	 0.64 
96.0 	 0.66 
96.0 	 0.68 
96.0 	 0.7 
96.0 	 0.72 
96.0 	 0.74 
98.0 	 0.1 
98.0 	 0.12 
98.0 	 0.14 
98.0 	 0.16 
98.0 	 0.18 
98.0 	 0.2 
98.0 	 0.22 
98.0 	 0.24 
98.0 	 0.26 
98.0 	 0.28 
98.0 	 0.3 
98.0 	 0.32 
98.0 	 0.34 
98.0 	 0.36 
98.0 	 0.38 
98.0 	 0.4 
98.0 	 0.42 
98.0 	 0.44 
98.0 	 0.46 
98.0 	 0.48 
98.0 	 0.5 
98.0 	 0.52 
98.0 	 0.54 
98.0 	 0.56 
98.0 	 0.58 
98.0 	 0.6 
98.0 	 0.62 
98.0 	 0.64 
98.0 	 0.66 
98.0 	 0.68 
98.0 	 0.7 
98.0 	 0.72 
98.0 	 0.74 
