12 
69.6379339614 
41.2639864023 
95.0237132704 
89.3689487759 
77.1218427363 
7.39269717795 
67.8272692032 
88.7860810192 
38.8505392594 
89.7833990101 
56.5428130568 
52.5239200913 
102.139753243 
116.623784852 
27.9605175094 
78.1318712272 
59.0156839568 
5.67253860734 
118.657444476 
2.42926008421 
109.445491146 
30.4876564211 
106.944984067 
91.2913241352 
78.755317742 
59.7587086866 
115.885614757 
64.2446114158 
42.4975349941 
80.0248312655 
7.48354354507 
73.0125420206 
46.776517466 
119.80963801 
47.6913279206 
33.4894819319 
10.5608810896 
111.712533642 
96.4244073913 
113.130010953 
