0.2	0.2 
0.316080146506	0.2 
0.316080146506	0.276606200023 
0.2	0.276606200023 
0.168631766948	0.2 
0.168631766948	0.200509138069 
0.2	0.200509138069 
0.281820604612	0.2 
0.281820604612	0.267305025057 
0.2	0.267305025057 
0.37330920512	0.2 
0.37330920512	0.165438046702 
0.2	0.165438046702 
0.200590460276	0.2 
0.200590460276	0.179806113162 
0.2	0.179806113162 
0.352155675031	0.2 
0.352155675031	0.154696591133 
0.2	0.154696591133 
0.38814940127	0.2 
0.38814940127	0.248917861343 
0.2	0.248917861343 
0.330826636364	0.2 
0.330826636364	0.317717931224 
0.2	0.317717931224 
0.316307029563	0.2 
0.316307029563	0.194993378941 
0.2	0.194993378941 
0.262336216966	0.2 
0.262336216966	0.241456888945 
0.2	0.241456888945 
0.264625672537	0.2 
0.264625672537	0.201108300788 
0.2	0.201108300788 
0.211655455165	0.2 
0.211655455165	0.235652443567 
0.2	0.235652443567 
0.182441794632	0.2 
0.182441794632	0.316146306147 
0.2	0.316146306147 
0.395249942633	0.2 
0.395249942633	0.22643000064 
0.2	0.22643000064 
0.315262309586	0.2 
0.315262309586	0.175162004297 
0.2	0.175162004297 
0.165214073977	0.2 
0.165214073977	0.258110252624 
0.2	0.258110252624 
0.246972269212	0.2 
0.246972269212	0.325703663414 
0.2	0.325703663414 
0.274996999924	0.2 
0.274996999924	0.29980651298 
0.2	0.29980651298 
0.211729047315	0.2 
0.211729047315	0.194496128184 
0.2	0.194496128184 
0.131341208757	0.2 
0.131341208757	0.178900716944 
0.2	0.178900716944 
0.220934416882	0.2 
0.220934416882	0.309373513915 
0.2	0.309373513915 
0.162173847522	0.2 
0.162173847522	0.206091726807 
0.2	0.206091726807 
0.164574667214	0.2 
0.164574667214	0.228926259622 
0.2	0.228926259622 
0.359181592517	0.2 
0.359181592517	0.242664110555 
0.2	0.242664110555 
0.306613222601	0.2 
0.306613222601	0.279829888512 
0.2	0.279829888512 
0.290627512494	0.2 
0.290627512494	0.231957012794 
0.2	0.231957012794 
0.212407733395	0.2 
0.212407733395	0.290484118856 
0.2	0.290484118856 
0.31195122299	0.2 
0.31195122299	0.210103670837 
0.2	0.210103670837 
0.394653641598	0.2 
0.394653641598	0.190024967959 
0.2	0.190024967959 
0.228806534657	0.2 
0.228806534657	0.258739738071 
0.2	0.258739738071 
0.197445133955	0.2 
0.197445133955	0.170426159577 
0.2	0.170426159577 
0.156368986917	0.2 
0.156368986917	0.279139395778 
0.2	0.279139395778 
0.334245341704	0.2 
0.334245341704	0.312883440713 
0.2	0.312883440713 
0.361832723932	0.2 
0.361832723932	0.171027929655 
0.2	0.171027929655 
0.205931491946	0.2 
0.205931491946	0.314064328797 
0.2	0.314064328797 
0.254781781038	0.2 
0.254781781038	0.229122714786 
0.2	0.229122714786 
0.160607065004	0.2 
0.160607065004	0.20527778549 
0.2	0.20527778549 
0.167092205662	0.2 
0.167092205662	0.287121106693 
0.2	0.287121106693 
0.314106956025	0.2 
0.314106956025	0.291871901588 
0.2	0.291871901588 
0.387020560276	0.2 
0.387020560276	0.216926501285 
0.2	0.216926501285 
0.362442423625	0.2 
0.362442423625	0.228337221343 
0.2	0.228337221343 
0.148759011525	0.2 
0.148759011525	0.169745252226 
0.2	0.169745252226 
0.170413827473	0.2 
0.170413827473	0.189984863703 
0.2	0.189984863703 
0.146716325223	0.2 
0.146716325223	0.332666689351 
0.2	0.332666689351 
0.396839456899	0.2 
0.396839456899	0.180572988766 
0.2	0.180572988766 
0.365155375118	0.2 
0.365155375118	0.20640530982 
0.2	0.20640530982 
0.149074649806	0.2 
0.149074649806	0.199683067467 
0.2	0.199683067467 
0.353659220947	0.2 
0.353659220947	0.240519245583 
0.2	0.240519245583 
0.171876170823	0.2 
0.171876170823	0.245442709998 
0.2	0.245442709998 
0.227062958381	0.2 
0.227062958381	0.239936173911 
0.2	0.239936173911 
0.18758966026	0.2 
0.18758966026	0.193939519789 
0.2	0.193939519789 
0.216563734837	0.2 
0.216563734837	0.299337165411 
0.2	0.299337165411 
0.279480694091	0.2 
0.279480694091	0.272937627916 
0.2	0.272937627916 
0.232532649915	0.2 
0.232532649915	0.156602683475 
0.2	0.156602683475 
0.27844822023	0.2 
0.27844822023	0.240617953701 
0.2	0.240617953701 
0.161111501917	0.2 
0.161111501917	0.325393226496 
0.2	0.325393226496 
0.19509767337	0.2 
0.19509767337	0.290675002713 
0.2	0.290675002713 
0.30594872682	0.2 
0.30594872682	0.276463605293 
0.2	0.276463605293 
0.328821544853	0.2 
0.328821544853	0.178541667261 
0.2	0.178541667261 
0.386324816321	0.2 
0.386324816321	0.163593446032 
0.2	0.163593446032 
0.36050800248	0.2 
0.36050800248	0.324627431029 
0.2	0.324627431029 
0.354764716804	0.2 
0.354764716804	0.321122536365 
0.2	0.321122536365 
0.318219310424	0.2 
0.318219310424	0.259585543348 
0.2	0.259585543348 
0.206601103922	0.2 
0.206601103922	0.291051205699 
0.2	0.291051205699 
0.359378365002	0.2 
0.359378365002	0.155328994963 
0.2	0.155328994963 
0.138428588433	0.2 
0.138428588433	0.320701911927 
0.2	0.320701911927 
0.110031065213	0.2 
0.110031065213	0.256157375515 
0.2	0.256157375515 
0.319434888357	0.2 
0.319434888357	0.296984112718 
0.2	0.296984112718 
0.322403302308	0.2 
0.322403302308	0.296855730516 
0.2	0.296855730516 
0.316240510839	0.2 
0.316240510839	0.218949254177 
0.2	0.218949254177 
0.228571147432	0.2 
0.228571147432	0.194603962653 
0.2	0.194603962653 
0.242672152416	0.2 
0.242672152416	0.328325291816 
0.2	0.328325291816 
0.365725228199	0.2 
0.365725228199	0.191293544466 
0.2	0.191293544466 
0.202574049876	0.2 
0.202574049876	0.180156427556 
0.2	0.180156427556 
0.190848938141	0.2 
0.190848938141	0.261572215012 
0.2	0.261572215012 
0.161401386589	0.2 
0.161401386589	0.171582132199 
0.2	0.171582132199 
0.109048067527	0.2 
0.109048067527	0.174919841408 
0.2	0.174919841408 
0.164671887276	0.2 
0.164671887276	0.219358674077 
0.2	0.219358674077 
0.12509517775	0.2 
0.12509517775	0.337450615655 
0.2	0.337450615655 
0.192203451507	0.2 
0.192203451507	0.262978486365 
0.2	0.262978486365 
0.273036808306	0.2 
0.273036808306	0.217670565382 
0.2	0.217670565382 
0.33703457127	0.2 
0.33703457127	0.29851924164 
0.2	0.29851924164 
0.291903805217	0.2 
0.291903805217	0.16074402887 
0.2	0.16074402887 
0.268472107235	0.2 
0.268472107235	0.297539631965 
0.2	0.297539631965 
0.195421527545	0.2 
0.195421527545	0.299215796656 
0.2	0.299215796656 
0.240023898462	0.2 
0.240023898462	0.236594823683 
0.2	0.236594823683 
0.35497416784	0.2 
0.35497416784	0.344325688827 
0.2	0.344325688827 
0.1679676912	0.2 
0.1679676912	0.27963339702 
0.2	0.27963339702 
0.246258026782	0.2 
0.246258026782	0.157853006063 
0.2	0.157853006063 
0.396615406242	0.2 
0.396615406242	0.152402117789 
0.2	0.152402117789 
0.373391994486	0.2 
0.373391994486	0.199559086422 
0.2	0.199559086422 
0.367088195126	0.2 
0.367088195126	0.301750124597 
0.2	0.301750124597 
0.296021809434	0.2 
0.296021809434	0.248754132246 
0.2	0.248754132246 
0.389627600227	0.2 
0.389627600227	0.256293464564 
0.2	0.256293464564 
0.204615634439	0.2 
0.204615634439	0.282814842463 
0.2	0.282814842463 
0.116345067761	0.2 
0.116345067761	0.271029482388 
0.2	0.271029482388 
0.215402985208	0.2 
0.215402985208	0.349680063883 
0.2	0.349680063883 
0.217709230052	0.2 
0.217709230052	0.204604171314 
0.2	0.204604171314 
0.12410306157	0.2 
0.12410306157	0.336071485112 
0.2	0.336071485112 
0.340565732919	0.2 
0.340565732919	0.338453799921 
0.2	0.338453799921 
0.130046934496	0.2 
0.130046934496	0.277945252326 
0.2	0.277945252326 
0.371959194251	0.2 
0.371959194251	0.16474988599 
0.2	0.16474988599 
0.298971687144	0.2 
0.298971687144	0.275040304924 
0.2	0.275040304924 
0.233894741302	0.2 
0.233894741302	0.331004972631 
0.2	0.331004972631 
0.323721728828	0.2 
0.323721728828	0.330226721108 
0.2	0.330226721108 
0.133060892521	0.2 
0.133060892521	0.326039108711 
0.2	0.326039108711 
0.286471215936	0.2 
0.286471215936	0.18168600102 
0.2	0.18168600102 
0.283254965787	0.2 
0.283254965787	0.168811046311 
0.2	0.168811046311 
0.239647955109	0.2 
0.239647955109	0.293055932316 
0.2	0.293055932316 
0.207488032452	0.2 
0.207488032452	0.152508077111 
0.2	0.152508077111 
0.131485982453	0.2 
0.131485982453	0.32825688551 
0.2	0.32825688551 
0.123205415316	0.2 
0.123205415316	0.187338900305 
0.2	0.187338900305 
0.259999390506	0.2 
0.259999390506	0.315532944705 
0.2	0.315532944705 
0.298087921969	0.2 
0.298087921969	0.174821621656 
0.2	0.174821621656 
0.185467921711	0.2 
0.185467921711	0.276328067332 
0.2	0.276328067332 
0.257873866356	0.2 
0.257873866356	0.212029287802 
0.2	0.212029287802 
0.261139992945	0.2 
0.261139992945	0.266487754857 
0.2	0.266487754857 
0.138799575437	0.2 
0.138799575437	0.300536664489 
0.2	0.300536664489 
0.337357967983	0.2 
0.337357967983	0.207233666295 
0.2	0.207233666295 
0.367404145295	0.2 
0.367404145295	0.198713112423 
0.2	0.198713112423 
0.266335025838	0.2 
0.266335025838	0.308925749031 
0.2	0.308925749031 
0.177525777464	0.2 
0.177525777464	0.272724187652 
0.2	0.272724187652 
0.114119974948	0.2 
0.114119974948	0.164240010728 
0.2	0.164240010728 
0.152296611371	0.2 
0.152296611371	0.299704411877 
0.2	0.299704411877 
0.149786876187	0.2 
0.149786876187	0.181636403713 
0.2	0.181636403713 
0.285131376731	0.2 
0.285131376731	0.171648362886 
0.2	0.171648362886 
0.26861486445	0.2 
0.26861486445	0.244905090968 
0.2	0.244905090968 
0.370246549536	0.2 
0.370246549536	0.231606997782 
0.2	0.231606997782 
0.153839252726	0.2 
0.153839252726	0.215505050804 
0.2	0.215505050804 
0.15522145921	0.2 
0.15522145921	0.321513156347 
0.2	0.321513156347 
0.371296681559	0.2 
0.371296681559	0.215165641715 
0.2	0.215165641715 
0.132767489297	0.2 
0.132767489297	0.285071091431 
0.2	0.285071091431 
0.346768531527	0.2 
0.346768531527	0.298193076657 
0.2	0.298193076657 
0.24696539675	0.2 
0.24696539675	0.232292721047 
0.2	0.232292721047 
0.347841151763	0.2 
0.347841151763	0.258947537539 
0.2	0.258947537539 
0.373189067343	0.2 
0.373189067343	0.306287506916 
0.2	0.306287506916 
0.257266230055	0.2 
0.257266230055	0.279871871158 
0.2	0.279871871158 
0.223326444065	0.2 
0.223326444065	0.151877171154 
0.2	0.151877171154 
0.229750375102	0.2 
0.229750375102	0.342132967521 
0.2	0.342132967521 
0.361816119445	0.2 
0.361816119445	0.191179333935 
0.2	0.191179333935 
0.398483823219	0.2 
0.398483823219	0.177847745815 
0.2	0.177847745815 
0.271307596634	0.2 
0.271307596634	0.234991219358 
0.2	0.234991219358 
0.267759987833	0.2 
0.267759987833	0.180423128149 
0.2	0.180423128149 
0.225037503682	0.2 
0.225037503682	0.278437146674 
0.2	0.278437146674 
0.142775325542	0.2 
0.142775325542	0.264399198837 
0.2	0.264399198837 
0.177169010627	0.2 
0.177169010627	0.198625328059 
0.2	0.198625328059 
0.191488098209	0.2 
0.191488098209	0.158367733736 
0.2	0.158367733736 
0.27124021648	0.2 
0.27124021648	0.333104363381 
0.2	0.333104363381 
0.208756529531	0.2 
0.208756529531	0.326165299445 
0.2	0.326165299445 
0.283604861484	0.2 
0.283604861484	0.28048691325 
0.2	0.28048691325 
0.350312390636	0.2 
0.350312390636	0.195949376896 
0.2	0.195949376896 
0.396951696411	0.2 
0.396951696411	0.268080883236 
0.2	0.268080883236 
0.29922031248	0.2 
0.29922031248	0.30709240265 
0.2	0.30709240265 
0.296269562036	0.2 
0.296269562036	0.154849870983 
0.2	0.154849870983 
0.397043383555	0.2 
0.397043383555	0.154652198888 
0.2	0.154652198888 
0.323545740321	0.2 
0.323545740321	0.269881002447 
0.2	0.269881002447 
0.359973473267	0.2 
0.359973473267	0.331529232377 
0.2	0.331529232377 
0.106745911807	0.2 
0.106745911807	0.250584475671 
0.2	0.250584475671 
0.249977331319	0.2 
0.249977331319	0.253572008189 
0.2	0.253572008189 
0.173326298123	0.2 
0.173326298123	0.281774136419 
0.2	0.281774136419 
0.296196330884	0.2 
0.296196330884	0.150230405107 
0.2	0.150230405107 
0.310608005471	0.2 
0.310608005471	0.239972363168 
0.2	0.239972363168 
0.31027858913	0.2 
0.31027858913	0.211960517931 
0.2	0.211960517931 
0.228630526928	0.2 
0.228630526928	0.310186623668 
0.2	0.310186623668 
0.384601494667	0.2 
0.384601494667	0.257216936189 
0.2	0.257216936189 
0.348619969235	0.2 
0.348619969235	0.216977090733 
0.2	0.216977090733 
0.16517558652	0.2 
0.16517558652	0.185335706038 
0.2	0.185335706038 
0.35275629005	0.2 
0.35275629005	0.216141793594 
0.2	0.216141793594 
0.154635616476	0.2 
0.154635616476	0.162623886525 
0.2	0.162623886525 
0.259966662603	0.2 
0.259966662603	0.197570464847 
0.2	0.197570464847 
0.234183225872	0.2 
0.234183225872	0.276161290649 
0.2	0.276161290649 
0.379931068939	0.2 
0.379931068939	0.282031778455 
0.2	0.282031778455 
0.165811285166	0.2 
0.165811285166	0.314905339396 
0.2	0.314905339396 
0.148304761702	0.2 
0.148304761702	0.300126264643 
0.2	0.300126264643 
0.276263477513	0.2 
0.276263477513	0.31699913296 
0.2	0.31699913296 
0.321752120665	0.2 
0.321752120665	0.283152730447 
0.2	0.283152730447 
0.292561029321	0.2 
0.292561029321	0.233518655175 
0.2	0.233518655175 
0.274205219018	0.2 
0.274205219018	0.307618622884 
0.2	0.307618622884 
0.397729127137	0.2 
0.397729127137	0.252561633089 
0.2	0.252561633089 
0.331065307087	0.2 
0.331065307087	0.25887533821 
0.2	0.25887533821 
0.362476070581	0.2 
0.362476070581	0.268406024643 
0.2	0.268406024643 
0.202724031365	0.2 
0.202724031365	0.2636993061 
0.2	0.2636993061 
0.213354439056	0.2 
0.213354439056	0.215493565991 
0.2	0.215493565991 
0.21948504858	0.2 
0.21948504858	0.332962267268 
0.2	0.332962267268 
0.281115189764	0.2 
0.281115189764	0.299322183238 
0.2	0.299322183238 
0.337764877201	0.2 
0.337764877201	0.164880631816 
0.2	0.164880631816 
0.353815370953	0.2 
0.353815370953	0.180013888521 
0.2	0.180013888521 
0.111832136167	0.2 
0.111832136167	0.162794863342 
0.2	0.162794863342 
0.103720581561	0.2 
0.103720581561	0.298549001718 
0.2	0.298549001718 
0.179564540825	0.2 
0.179564540825	0.289072771901 
0.2	0.289072771901 
0.25591099198	0.2 
0.25591099198	0.272016716515 
0.2	0.272016716515 
0.352744142154	0.2 
0.352744142154	0.240920695937 
0.2	0.240920695937 
0.281926359021	0.2 
0.281926359021	0.334136658953 
0.2	0.334136658953 
0.139935205335	0.2 
0.139935205335	0.190502982132 
0.2	0.190502982132 
0.125358743269	0.2 
0.125358743269	0.265453159379 
0.2	0.265453159379 
0.162688820077	0.2 
0.162688820077	0.231190308237 
0.2	0.231190308237 
0.366832457072	0.2 
0.366832457072	0.334248972568 
0.2	0.334248972568 
0.336388976956	0.2 
0.336388976956	0.211595733025 
0.2	0.211595733025 
0.366412724455	0.2 
0.366412724455	0.317768891784 
0.2	0.317768891784 
0.217963630376	0.2 
0.217963630376	0.321185292931 
0.2	0.321185292931 
0.246926682947	0.2 
0.246926682947	0.279961081907 
0.2	0.279961081907 
0.276943986703	0.2 
0.276943986703	0.224809898257 
0.2	0.224809898257 
0.174608799441	0.2 
0.174608799441	0.332432445601 
0.2	0.332432445601 
0.257626978179	0.2 
0.257626978179	0.336658436557 
0.2	0.336658436557 
0.360530815315	0.2 
0.360530815315	0.324406684543 
0.2	0.324406684543 
0.179903447364	0.2 
0.179903447364	0.317393752344 
0.2	0.317393752344 
0.357663523468	0.2 
0.357663523468	0.211215842827 
0.2	0.211215842827 
0.143296417223	0.2 
0.143296417223	0.34906996859 
0.2	0.34906996859 
0.353107572724	0.2 
0.353107572724	0.176903479226 
0.2	0.176903479226 
0.335074456471	0.2 
0.335074456471	0.231826498303 
0.2	0.231826498303 
0.100277294811	0.2 
0.100277294811	0.304392721309 
0.2	0.304392721309 
0.360629704178	0.2 
0.360629704178	0.266326613595 
0.2	0.266326613595 
0.241360023339	0.2 
0.241360023339	0.290661184449 
0.2	0.290661184449 
0.313551738124	0.2 
0.313551738124	0.204605934378 
0.2	0.204605934378 
0.257475511257	0.2 
0.257475511257	0.320087312487 
0.2	0.320087312487 
0.164588213607	0.2 
0.164588213607	0.187812517624 
0.2	0.187812517624 
0.172730522112	0.2 
0.172730522112	0.276105340782 
0.2	0.276105340782 
0.154312247093	0.2 
0.154312247093	0.264431652886 
0.2	0.264431652886 
0.368991307647	0.2 
0.368991307647	0.279447823823 
0.2	0.279447823823 
0.22840287343	0.2 
0.22840287343	0.195247020985 
0.2	0.195247020985 
0.114551392791	0.2 
0.114551392791	0.265724092607 
0.2	0.265724092607 
0.105294852331	0.2 
0.105294852331	0.328617933417 
0.2	0.328617933417 
0.28284075542	0.2 
0.28284075542	0.30067636886 
0.2	0.30067636886 
0.130297062192	0.2 
0.130297062192	0.211873998803 
0.2	0.211873998803 
0.311006597495	0.2 
0.311006597495	0.318093159588 
0.2	0.318093159588 
0.157601506253	0.2 
0.157601506253	0.249773259778 
0.2	0.249773259778 
0.371765061198	0.2 
0.371765061198	0.333619578455 
0.2	0.333619578455 
0.127022979029	0.2 
0.127022979029	0.323102896555 
0.2	0.323102896555 
0.227017660916	0.2 
0.227017660916	0.223230342991 
0.2	0.223230342991 
0.298333240953	0.2 
0.298333240953	0.275081734485 
0.2	0.275081734485 
0.150588971141	0.2 
0.150588971141	0.200737808818 
0.2	0.200737808818 
0.332346337557	0.2 
0.332346337557	0.231447360022 
0.2	0.231447360022 
0.362749727574	0.2 
0.362749727574	0.219909868863 
0.2	0.219909868863 
0.384654631596	0.2 
0.384654631596	0.247233573241 
0.2	0.247233573241 
0.343369215453	0.2 
0.343369215453	0.241217102198 
0.2	0.241217102198 
0.237632598237	0.2 
0.237632598237	0.279703940777 
0.2	0.279703940777 
0.395816321773	0.2 
0.395816321773	0.255061892556 
0.2	0.255061892556 
0.332980666483	0.2 
0.332980666483	0.231879834361 
0.2	0.231879834361 
0.114223437245	0.2 
0.114223437245	0.167075462556 
0.2	0.167075462556 
0.10839511207	0.2 
0.10839511207	0.237457352049 
0.2	0.237457352049 
0.366967070124	0.2 
0.366967070124	0.242133668777 
0.2	0.242133668777 
0.172269558159	0.2 
0.172269558159	0.22920855828 
0.2	0.22920855828 
0.386514011488	0.2 
0.386514011488	0.190325471136 
0.2	0.190325471136 
0.290478838746	0.2 
0.290478838746	0.223141366166 
0.2	0.223141366166 
0.1536062686	0.2 
0.1536062686	0.213541513901 
0.2	0.213541513901 
0.141670608336	0.2 
0.141670608336	0.172059785291 
0.2	0.172059785291 
0.366276246128	0.2 
0.366276246128	0.26292514327 
0.2	0.26292514327 
0.14324207218	0.2 
0.14324207218	0.260222335371 
0.2	0.260222335371 
0.127911369614	0.2 
0.127911369614	0.299799484782 
0.2	0.299799484782 
0.131221603756	0.2 
0.131221603756	0.341908801851 
0.2	0.341908801851 
0.264812424472	0.2 
0.264812424472	0.194854559513 
0.2	0.194854559513 
0.314300392345	0.2 
0.314300392345	0.342407835108 
0.2	0.342407835108 
0.271319037943	0.2 
0.271319037943	0.324522440761 
0.2	0.324522440761 
0.386077316798	0.2 
0.386077316798	0.210939343096 
0.2	0.210939343096 
0.316585700291	0.2 
0.316585700291	0.189124376635 
0.2	0.189124376635 
0.387387658031	0.2 
0.387387658031	0.201785638169 
0.2	0.201785638169 
0.350174971875	0.2 
0.350174971875	0.232366952169 
0.2	0.232366952169 
0.377632813387	0.2 
0.377632813387	0.161791602067 
0.2	0.161791602067 
0.353038411953	0.2 
0.353038411953	0.200138323716 
0.2	0.200138323716 
0.302815681346	0.2 
0.302815681346	0.263374961011 
0.2	0.263374961011 
0.346258234653	0.2 
0.346258234653	0.273166242977 
0.2	0.273166242977 
0.187191767057	0.2 
0.187191767057	0.234703438117 
0.2	0.234703438117 
0.146480541824	0.2 
0.146480541824	0.312306786967 
0.2	0.312306786967 
0.141921969377	0.2 
0.141921969377	0.34846836839 
0.2	0.34846836839 
0.324390787591	0.2 
0.324390787591	0.319616107762 
0.2	0.319616107762 
0.305584840786	0.2 
0.305584840786	0.267972379985 
0.2	0.267972379985 
0.298005124024	0.2 
0.298005124024	0.339463083384 
0.2	0.339463083384 
0.143531382931	0.2 
0.143531382931	0.285705225953 
0.2	0.285705225953 
0.394358371944	0.2 
0.394358371944	0.349278898918 
0.2	0.349278898918 
0.190221950769	0.2 
0.190221950769	0.303917277954 
0.2	0.303917277954 
0.250471272713	0.2 
0.250471272713	0.343394336582 
0.2	0.343394336582 
0.250268569638	0.2 
0.250268569638	0.269968881425 
0.2	0.269968881425 
0.34743125971	0.2 
0.34743125971	0.26035983158 
0.2	0.26035983158 
0.17369454494	0.2 
0.17369454494	0.240369821227 
0.2	0.240369821227 
0.383164416691	0.2 
0.383164416691	0.270000620035 
0.2	0.270000620035 
0.285058152767	0.2 
0.285058152767	0.154679599995 
0.2	0.154679599995 
0.259945641208	0.2 
0.259945641208	0.244758865387 
0.2	0.244758865387 
0.176755400838	0.2 
0.176755400838	0.300592494526 
0.2	0.300592494526 
0.106946276782	0.2 
0.106946276782	0.173564044076 
0.2	0.173564044076 
0.122354390089	0.2 
0.122354390089	0.284278778414 
0.2	0.284278778414 
0.268017219282	0.2 
0.268017219282	0.301930743339 
0.2	0.301930743339 
0.184034090166	0.2 
0.184034090166	0.273707643304 
0.2	0.273707643304 
0.22452616724	0.2 
0.22452616724	0.29967053005 
0.2	0.29967053005 
0.299818106293	0.2 
0.299818106293	0.27824687442 
0.2	0.27824687442 
0.284451620207	0.2 
0.284451620207	0.229863768679 
0.2	0.229863768679 
0.179927097338	0.2 
0.179927097338	0.165618318143 
0.2	0.165618318143 
0.286129486979	0.2 
0.286129486979	0.344887153105 
0.2	0.344887153105 
0.334296518829	0.2 
0.334296518829	0.271885947102 
0.2	0.271885947102 
0.240962086106	0.2 
0.240962086106	0.264370800631 
0.2	0.264370800631 
0.139473675579	0.2 
0.139473675579	0.260431350529 
0.2	0.260431350529 
0.145969997259	0.2 
0.145969997259	0.321949919651 
0.2	0.321949919651 
0.383293040833	0.2 
0.383293040833	0.347999164066 
0.2	0.347999164066 
0.237308039356	0.2 
0.237308039356	0.212662226947 
0.2	0.212662226947 
0.247093541365	0.2 
0.247093541365	0.19443324876 
0.2	0.19443324876 
0.326582916199	0.2 
0.326582916199	0.313119451819 
0.2	0.313119451819 
0.132419472513	0.2 
0.132419472513	0.225267740648 
0.2	0.225267740648 
0.144941387542	0.2 
0.144941387542	0.151231588203 
0.2	0.151231588203 
0.285580386796	0.2 
0.285580386796	0.169165444511 
0.2	0.169165444511 
0.1065641538	0.2 
0.1065641538	0.177941202029 
0.2	0.177941202029 
0.37569658718	0.2 
0.37569658718	0.280124653139 
0.2	0.280124653139 
0.171626274501	0.2 
0.171626274501	0.327284185982 
0.2	0.327284185982 
0.309118873949	0.2 
0.309118873949	0.242320677304 
0.2	0.242320677304 
0.220682186111	0.2 
0.220682186111	0.255756689306 
0.2	0.255756689306 
0.380733049402	0.2 
0.380733049402	0.319944347116 
0.2	0.319944347116 
0.203659440657	0.2 
0.203659440657	0.176751128134 
0.2	0.176751128134 
0.356340966272	0.2 
0.356340966272	0.182093777157 
0.2	0.182093777157 
0.118567552749	0.2 
0.118567552749	0.225706663963 
0.2	0.225706663963 
0.277002446414	0.2 
0.277002446414	0.287767070572 
0.2	0.287767070572 
0.265233716016	0.2 
0.265233716016	0.166607291226 
0.2	0.166607291226 
0.337371356472	0.2 
0.337371356472	0.232974864889 
0.2	0.232974864889 
0.389877094517	0.2 
0.389877094517	0.20978270568 
0.2	0.20978270568 
0.109442296611	0.2 
0.109442296611	0.347546142197 
0.2	0.347546142197 
0.312764321336	0.2 
0.312764321336	0.167377224888 
0.2	0.167377224888 
0.159624555462	0.2 
0.159624555462	0.27702539371 
0.2	0.27702539371 
0.35359772426	0.2 
0.35359772426	0.205509693654 
0.2	0.205509693654 
0.386205259011	0.2 
0.386205259011	0.170624634151 
0.2	0.170624634151 
0.233197773475	0.2 
0.233197773475	0.224875907688 
0.2	0.224875907688 
0.268984931476	0.2 
0.268984931476	0.166596871164 
0.2	0.166596871164 
0.148230586302	0.2 
0.148230586302	0.320374146044 
0.2	0.320374146044 
0.279729131037	0.2 
0.279729131037	0.16684617695 
0.2	0.16684617695 
0.35090046604	0.2 
0.35090046604	0.22053538581 
0.2	0.22053538581 
0.141324612868	0.2 
0.141324612868	0.203082645656 
0.2	0.203082645656 
0.230591481392	0.2 
0.230591481392	0.198201010867 
0.2	0.198201010867 
0.247867187099	0.2 
0.247867187099	0.154879470234 
0.2	0.154879470234 
0.36306191069	0.2 
0.36306191069	0.290928559546 
0.2	0.290928559546 
0.346372205882	0.2 
0.346372205882	0.152870044789 
0.2	0.152870044789 
0.102925832967	0.2 
0.102925832967	0.348218586257 
0.2	0.348218586257 
0.296009974479	0.2 
0.296009974479	0.196599820383 
0.2	0.196599820383 
0.304932010205	0.2 
0.304932010205	0.196390297475 
0.2	0.196390297475 
0.28761889443	0.2 
0.28761889443	0.171454828152 
0.2	0.171454828152 
0.189544708503	0.2 
0.189544708503	0.243294069886 
0.2	0.243294069886 
0.272429037014	0.2 
0.272429037014	0.348649465455 
0.2	0.348649465455 
0.136975308576	0.2 
0.136975308576	0.306565078931 
0.2	0.306565078931 
0.37109634433	0.2 
0.37109634433	0.179241035252 
0.2	0.179241035252 
0.218615583054	0.2 
0.218615583054	0.317609528151 
0.2	0.317609528151 
0.326569251319	0.2 
0.326569251319	0.238012828739 
0.2	0.238012828739 
0.363985729574	0.2 
0.363985729574	0.23082869764 
0.2	0.23082869764 
0.374232846559	0.2 
0.374232846559	0.290048825429 
0.2	0.290048825429 
0.166077084529	0.2 
0.166077084529	0.243767427293 
0.2	0.243767427293 
0.360817611272	0.2 
0.360817611272	0.197957744428 
0.2	0.197957744428 
0.376414757264	0.2 
0.376414757264	0.177324887034 
0.2	0.177324887034 
0.204671289103	0.2 
0.204671289103	0.168857993197 
0.2	0.168857993197 
0.197191405863	0.2 
0.197191405863	0.21020011231 
0.2	0.21020011231 
0.223775436155	0.2 
0.223775436155	0.322954560378 
0.2	0.322954560378 
0.256522441506	0.2 
0.256522441506	0.287286377444 
0.2	0.287286377444 
0.377939363869	0.2 
0.377939363869	0.314712539349 
0.2	0.314712539349 
0.357746528178	0.2 
0.357746528178	0.180992394607 
0.2	0.180992394607 
0.197387453898	0.2 
0.197387453898	0.324368187206 
0.2	0.324368187206 
0.122316230315	0.2 
0.122316230315	0.270288088166 
0.2	0.270288088166 
0.149578995386	0.2 
0.149578995386	0.168592829789 
0.2	0.168592829789 
0.362430665168	0.2 
0.362430665168	0.289733992141 
0.2	0.289733992141 
0.24434620292	0.2 
0.24434620292	0.273067032103 
0.2	0.273067032103 
0.323029664035	0.2 
0.323029664035	0.343158573472 
0.2	0.343158573472 
0.20497575414	0.2 
0.20497575414	0.190427849737 
0.2	0.190427849737 
0.135490930758	0.2 
0.135490930758	0.164454215971 
0.2	0.164454215971 
0.26439079484	0.2 
0.26439079484	0.246445862769 
0.2	0.246445862769 
0.170738783771	0.2 
0.170738783771	0.1610805195 
0.2	0.1610805195 
0.167333782766	0.2 
0.167333782766	0.220636117283 
0.2	0.220636117283 
0.264778552701	0.2 
0.264778552701	0.340374758661 
0.2	0.340374758661 
0.102157590222	0.2 
0.102157590222	0.18679237829 
0.2	0.18679237829 
0.210935767823	0.2 
0.210935767823	0.248855131471 
0.2	0.248855131471 
0.344015269508	0.2 
0.344015269508	0.290295238811 
0.2	0.290295238811 
0.202664613917	0.2 
0.202664613917	0.272160317028 
0.2	0.272160317028 
0.32104754337	0.2 
0.32104754337	0.206361952381 
0.2	0.206361952381 
0.178064271794	0.2 
0.178064271794	0.178945336895 
0.2	0.178945336895 
0.132790584112	0.2 
0.132790584112	0.184115513267 
0.2	0.184115513267 
0.348216179666	0.2 
0.348216179666	0.220484795809 
0.2	0.220484795809 
0.260380348774	0.2 
0.260380348774	0.269320041105 
0.2	0.269320041105 
0.330144887138	0.2 
0.330144887138	0.343679864278 
0.2	0.343679864278 
0.175524913047	0.2 
0.175524913047	0.33886716925 
0.2	0.33886716925 
0.140436527163	0.2 
0.140436527163	0.328723674505 
0.2	0.328723674505 
0.350536037606	0.2 
0.350536037606	0.338399961052 
0.2	0.338399961052 
0.14028503211	0.2 
0.14028503211	0.312992997711 
0.2	0.312992997711 
0.219642332235	0.2 
0.219642332235	0.222672742599 
0.2	0.222672742599 
0.123714982754	0.2 
0.123714982754	0.235856647908 
0.2	0.235856647908 
0.35966335557	0.2 
0.35966335557	0.23976069331 
0.2	0.23976069331 
0.373344257955	0.2 
0.373344257955	0.322180585645 
0.2	0.322180585645 
0.329805167293	0.2 
0.329805167293	0.340756887249 
0.2	0.340756887249 
0.223424981618	0.2 
0.223424981618	0.325897153168 
0.2	0.325897153168 
0.353076010932	0.2 
0.353076010932	0.17471590817 
0.2	0.17471590817 
0.104633076167	0.2 
0.104633076167	0.326914862252 
0.2	0.326914862252 
0.180865580326	0.2 
0.180865580326	0.216421038491 
0.2	0.216421038491 
0.251445689278	0.2 
0.251445689278	0.21097057084 
0.2	0.21097057084 
0.348234657814	0.2 
0.348234657814	0.249364352293 
0.2	0.249364352293 
0.272202237258	0.2 
0.272202237258	0.32595223626 
0.2	0.32595223626 
0.151502435903	0.2 
0.151502435903	0.260435371186 
0.2	0.260435371186 
0.221373661093	0.2 
0.221373661093	0.234076833269 
0.2	0.234076833269 
0.110973722078	0.2 
0.110973722078	0.347064299756 
0.2	0.347064299756 
0.185100619869	0.2 
0.185100619869	0.204794328837 
0.2	0.204794328837 
0.361380902027	0.2 
0.361380902027	0.163683397684 
0.2	0.163683397684 
0.109082941396	0.2 
0.109082941396	0.307053672756 
0.2	0.307053672756 
0.146785277931	0.2 
0.146785277931	0.24858993921 
0.2	0.24858993921 
0.136224964127	0.2 
0.136224964127	0.211831051616 
0.2	0.211831051616 
0.280292981842	0.2 
0.280292981842	0.174436529042 
0.2	0.174436529042 
0.166541247855	0.2 
0.166541247855	0.208130786619 
0.2	0.208130786619 
0.135497836935	0.2 
0.135497836935	0.225444538423 
0.2	0.225444538423 
0.203119187697	0.2 
0.203119187697	0.318598279787 
0.2	0.318598279787 
0.370224596017	0.2 
0.370224596017	0.27593514603 
0.2	0.27593514603 
0.218835084345	0.2 
0.218835084345	0.331616387895 
0.2	0.331616387895 
0.266482675425	0.2 
0.266482675425	0.345842561061 
0.2	0.345842561061 
0.34845944643	0.2 
0.34845944643	0.252511229136 
0.2	0.252511229136 
0.346185679588	0.2 
0.346185679588	0.188878349525 
0.2	0.188878349525 
0.159016536112	0.2 
0.159016536112	0.160459621746 
0.2	0.160459621746 
0.25414255285	0.2 
0.25414255285	0.261103941909 
0.2	0.261103941909 
0.301578122353	0.2 
0.301578122353	0.176186106738 
0.2	0.176186106738 
0.398623288814	0.2 
0.398623288814	0.175222112311 
0.2	0.175222112311 
0.161862317079	0.