0.840852319154000 -9999999.900000000372529
0.842055859311000 -9999999.900000000372529
0.875158649223000 -3031.787131050426979
0.880049935918000 -2931.648431326192622
0.880809420005000 -2900.532681785588466
0.882898463362000 -2852.764932974576368
0.886099556286000 -2774.714942242828329
0.889456274216000 -2672.320471348897172
0.910555570980000 -2200.286303974135990
0.912183453614000 -2175.946397060093659
0.920207341674000 -1994.541587416445054
0.929926845273000 -1842.980540656142693
0.933853002570000 -1761.564066445030221
0.941241989262000 -1486.801169543694641
0.949876977860000 -1066.353380210013484
0.957852519243000 -737.563634253310624
0.958245429572000 -702.500773154556100
0.961245889177000 -626.235385631257714
0.963914025589000 -575.173520731576104
0.971742046210000 -441.206148944186054
0.980000000000000 -0.000000001000000
0.985328221110000 -33.727740062013567
1.006375708050000 -291.015266941844459
1.017479476140000 -548.828869942379470
1.054170016660000 -1331.924318473581025
1.058278791560000 -1375.888206875696142
1.059659777020000 -1396.113276865496800
1.074242213390000 -1513.932416877759124
1.075484296800000 -1528.538087045718839
1.080968237710000 -1559.945391889970324
1.082601630650000 -1566.560639802574315
1.083743803180000 -1580.666998667353937
1.085475941370000 -1588.743949150863955
1.112327122270000 -1797.255241655655936
1.118747027830000 -1862.102165526674071
1.125766881430000 -1942.131049297682694
1.128128657590000 -1982.297531528823811
1.145575456690000 -2595.889481182271993
1.149110298580000 -3774.989904817183287
1.182694080370000 -9999999.900000000372529
1.192871522130000 -9999999.900000000372529
