12 
109.280973703 
9.5798908437 
6.83768605839 
97.0949022216 
89.8989884709 
5.262103497 
50.0272405205 
78.6123318139 
32.1529069944 
72.8225267219 
106.591650632 
58.2254289222 
48.1776567737 
16.7144534178 
5.11764697138 
8.61975504762 
86.9685402103 
28.6514746646 
62.71987973 
54.5760535687 
100.954113593 
59.1665669615 
56.5305281555 
13.1527687716 
28.7458118623 
9.88247701643 
15.808077611 
18.1530513986 
69.4447715367 
12.6924753155 
115.99604311 
115.904403382 
21.1386466044 
97.4098330259 
56.3759097989 
117.513401293 
55.2702461661 
88.8380321235 
36.6417357598 
69.1708852469 
2.94213940192 
76.3388679093 
84.8400071161 
89.1724788197 
6.38307263277 
73.6510387873 
5.07296479044 
71.6638224823 
108.33238566 
77.3244389284 
