3.95 
4.88106862007 
4.53212400047 
2.91509022597 
3.01018276138 
4.42427472816 
4.34610050115 
5.64412273494 
2.30876093404 
3.34120613702 
2.59612226324 
5.36207566708 
2.09393182266 
5.84199201694 
3.97835722687 
5.07768848485 
5.35435862447 
4.88409372751 
2.89986757883 
4.16448289287 
3.82913777891 
4.19500896715 
3.02216601577 
3.4887394022 
3.71304887133 
3.09922392843 
5.32292612294 
5.93666590178 
3.5286000128 
4.87016412781 
2.50324008595 
2.86952098636 
4.16220505249 
3.95963025616 
5.51407326828 
4.33329333232 
4.99613025961 
3.48972063087 
2.88992256368 
2.41788278343 
2.57801433888 
3.61245889177 
5.18747027831 
2.82898463362 
3.12183453614 
2.86099556286 
3.57852519243 
5.4557545669 
3.8532822111 
4.75484296801 
4.59659777025 
