0.0172277935647	0.105149987611
0.0172277935647	0.176695128962
0.0172277935647	0.192404597915
0.0172277935647	0.239599318341
0.0172277935647	0.270157906025
0.0172277935647	0.286127660313
0.0172277935647	0.387857493644
0.0172277935647	0.397383105163
0.0172277935647	0.407920894791
0.0172277935647	0.433825973344
0.0172277935647	0.438757822003
0.0172277935647	0.491315602257
0.0172277935647	0.492926906678
0.0172277935647	0.504619227622
0.0172277935647	0.523982099632
0.0172277935647	0.531997425985
0.0172277935647	0.58716394012
0.0172277935647	0.62739002868
0.0172277935647	0.635281184287
0.0172277935647	0.639597837939
0.0172277935647	0.724040259859
0.0172277935647	0.732275771346
0.0172277935647	0.825779122201
0.0172277935647	0.842441956966
0.0172277935647	0.947550020342
0.0172277936	0.2
0.018675361467	0.0531719792772
0.018675361467	0.0720309440771
0.018675361467	0.107259131679
0.018675361467	0.146461518712
0.018675361467	0.148536228713
0.018675361467	0.178490836022
0.018675361467	0.312840378486
0.018675361467	0.427938271654
0.018675361467	0.429448519434
0.018675361467	0.454781035252
0.018675361467	0.49354215285
0.018675361467	0.505137564726
0.018675361467	0.531603413936
0.018675361467	0.539148514095
0.018675361467	0.548865500661
0.018675361467	0.5668547029
0.018675361467	0.604376582371
0.018675361467	0.612390062542
0.018675361467	0.680075647026
0.018675361467	0.704362761296
0.018675361467	0.727022567143
0.018675361467	0.75626160236
0.018675361467	0.772357755016
0.018675361467	0.921927458482
0.018675361467	0.940702414006
0.0186753615	0.2
0.0230560376603	0.0383506115837
0.0230560376603	0.041430671002
0.0230560376603	0.111436021336
0.0230560376603	0.127123254618
0.0230560376603	0.13040957709
0.0230560376603	0.151735209514
0.0230560376603	0.202391011314
0.0230560376603	0.204079658992
0.0230560376603	0.212638580132
0.0230560376603	0.219638624467
0.0230560376603	0.294660006176
0.0230560376603	0.331398689612
0.0230560376603	0.334061494631
0.0230560376603	0.412856261952
0.0230560376603	0.457039410905
0.0230560376603	0.508939664919
0.0230560376603	0.534389410555
0.0230560376603	0.687553600629
0.0230560376603	0.697562650184
0.0230560376603	0.700221933424
0.0230560376603	0.700825329775
0.0230560376603	0.706863680565
0.0230560376603	0.812298986056
0.0230560376603	0.842605715023
0.0230560376603	0.848128871534
0.0230560377	0.2
0.0388558428895	0.0470035010381
0.0388558428895	0.0651268986631
0.0388558428895	0.0955558721127
0.0388558428895	0.240294078135
0.0388558428895	0.251969901355
0.0388558428895	0.259168634431
0.0388558428895	0.332864309645
0.0388558428895	0.34386754652
0.0388558428895	0.367775201366
0.0388558428895	0.402045820985
0.0388558428895	0.424594796289
0.0388558428895	0.446613721267
0.0388558428895	0.462365407825
0.0388558428895	0.477651922479
0.0388558428895	0.492489964212
0.0388558428895	0.518007687425
0.0388558428895	0.519452480353
0.0388558428895	0.577396521515
0.0388558428895	0.72141710704
0.0388558428895	0.811218680949
0.0388558428895	0.876419760129
0.0388558428895	0.889251758765
0.0388558428895	0.895070333056
0.0388558428895	0.902263482427
0.0388558428895	0.90893809381
0.0388558429	0.2
0.0409285219856	0.161354919999
0.0409285219856	0.216208693521
0.0409285219856	0.233581184781
0.0409285219856	0.33186863161
0.0409285219856	0.402537679323
0.0409285219856	0.430440774397
0.0409285219856	0.492039675517
0.0409285219856	0.511228876156
0.0409285219856	0.521714089588
0.0409285219856	0.555843019591
0.0409285219856	0.562292229541
0.0409285219856	0.566508315821
0.0409285219856	0.602958066051
0.0409285219856	0.613357891872
0.0409285219856	0.63054935874
0.0409285219856	0.635817833103
0.0409285219856	0.704823311418
0.0409285219856	0.71559344382
0.0409285219856	0.734004628872
0.0409285219856	0.750807527557
0.0409285219856	0.785055095161
0.0409285219856	0.79489592491
0.0409285219856	0.832425021154
0.0409285219856	0.887117349341
0.0409285219856	0.942884598363
0.040928522	0.2
0.0455040066843	0.129516298934
0.0455040066843	0.131491734387
0.0455040066843	0.156034370214
0.0455040066843	0.160783563137
0.0455040066843	0.18578181068
0.0455040066843	0.24544354971
0.0455040066843	0.26674414003
0.0455040066843	0.342770209856
0.0455040066843	0.364834715156
0.0455040066843	0.374993865154
0.0455040066843	0.517844541851
0.0455040066843	0.630103637203
0.0455040066843	0.630211584212
0.0455040066843	0.634715501943
0.0455040066843	0.640437392269
0.0455040066843	0.71180341494
0.0455040066843	0.728788003495
0.0455040066843	0.776843227539
0.0455040066843	0.783711698264
0.0455040066843	0.788027933934
0.0455040066843	0.810935486484
0.0455040066843	0.855499408584
0.0455040066843	0.890574665682
0.0455040066843	0.915096170117
0.0455040066843	0.932099412623
0.0455040067	0.2
0.0482648794502	0.0157884645519
0.0482648794502	0.0305676819052
0.0482648794502	0.100077589202
0.0482648794502	0.111581013874
0.0482648794502	0.133684183482
0.0482648794502	0.150816347631
0.0482648794502	0.154039324746
0.0482648794502	0.21883626917
0.0482648794502	0.30451246665
0.0482648794502	0.363758381048
0.0482648794502	0.440231856649
0.0482648794502	0.451681203133
0.0482648794502	0.470893096276
0.0482648794502	0.529027347486
0.0482648794502	0.547542762967
0.0482648794502	0.582863951379
0.0482648794502	0.59148521196
0.0482648794502	0.593205725868
0.0482648794502	0.719959804091
0.0482648794502	0.744129092331
0.0482648794502	0.776661423551
0.0482648794502	0.81816462236
0.0482648794502	0.897651527945
0.0482648794502	0.925969619594
0.0482648794502	0.940596071108
0.0482648795	0.2
0.0536257172	0.2
0.0536257172228	0.041488212116
0.0536257172228	0.0625617723079
0.0536257172228	0.101853669718
0.0536257172228	0.121245485094
0.0536257172228	0.180821177418
0.0536257172228	0.203833242753
0.0536257172228	0.271600799907
0.0536257172228	0.288812087013
0.0536257172228	0.343806404155
0.0536257172228	0.405691769331
0.0536257172228	0.524958880811
0.0536257172228	0.556834139772
0.0536257172228	0.571142508554
0.0536257172228	0.57842529813
0.0536257172228	0.596669441904
0.0536257172228	0.620756361356
0.0536257172228	0.623846551436
0.0536257172228	0.625374500034
0.0536257172228	0.630824970088
0.0536257172228	0.791331190568
0.0536257172228	0.81981244198
0.0536257172228	0.822262118016
0.0536257172228	0.912114682706
0.0536257172228	0.92243328777
0.0536257172228	0.944753753325
0.0584877080202	0.0155296517552
0.0584877080202	0.100126414512
0.0584877080202	0.116109781669
0.0584877080202	0.21165977043
0.0584877080202	0.284124689719
0.0584877080202	0.312974400729
0.0584877080202	0.457429530272
0.0584877080202	0.492199954603
0.0584877080202	0.544414133187
0.0584877080202	0.58421654717
0.0584877080202	0.610217838799
0.0584877080202	0.613342644205
0.0584877080202	0.630010658052
0.0584877080202	0.704602412229
0.0584877080202	0.711473714553
0.0584877080202	0.7224493052
0.0584877080202	0.755737999634
0.0584877080202	0.797281291018
0.0584877080202	0.799676249099
0.0584877080202	0.804835648036
0.0584877080202	0.828728531171
0.0584877080202	0.839672162842
0.0584877080202	0.847825162391
0.0584877080202	0.878936335338
0.0584877080202	0.946211715797
0.058487708	0.2
0.0713907340955	0.0117489035226
0.0713907340955	0.0595555588949
0.0713907340955	0.236286022461
0.0713907340955	0.249000672136
0.0713907340955	0.26671244919
0.0713907340955	0.274796372657
0.0713907340955	0.308062605863
0.0713907340955	0.323902897768
0.0713907340955	0.325623869794
0.0713907340955	0.375612504913
0.0713907340955	0.518257375304
0.0713907340955	0.531990963146
0.0713907340955	0.547506993138
0.0713907340955	0.598934564976
0.0713907340955	0.602631138482
0.0713907340955	0.655289776838
0.0713907340955	0.693650760046
0.0713907340955	0.699096324104
0.0713907340955	0.798412556921
0.0713907340955	0.809764224982
0.0713907340955	0.816514189816
0.0713907340955	0.869415413256
0.0713907340955	0.89925516377
0.0713907340955	0.92923254023
0.0713907340955	0.940643231713
0.0713907341	0.2
0.0768653424602	0.0687813727515
0.0768653424602	0.0816268649475
0.0768653424602	0.102537940357
0.0768653424602	0.114446884283
0.0768653424602	0.146569657278
0.0768653424602	0.209769282985
0.0768653424602	0.315700069683
0.0768653424602	0.349501159889
0.0768653424602	0.353552768318
0.0768653424602	0.366429206128
0.0768653424602	0.459302722887
0.0768653424602	0.485207131033
0.0768653424602	0.535383712093
0.0768653424602	0.548360064339
0.0768653424602	0.655174260865
0.0768653424602	0.669858261697
0.0768653424602	0.678768003569
0.0768653424602	0.682984059992
0.0768653424602	0.684179540806
0.0768653424602	0.692763769349
0.0768653424602	0.701641477917
0.0768653424602	0.707118169973
0.0768653424602	0.81134487981
0.0768653424602	0.812806932668
0.0768653424602	0.828707931993
0.0768653425	0.2
0.0781987962	0.2
0.0781987962159	0.0750895224372
0.0781987962159	0.128895657836
0.0781987962159	0.299119987176
0.0781987962159	0.323148573062
0.0781987962159	0.338333274991
0.0781987962159	0.352794723429
0.0781987962159	0.355899038618
0.0781987962159	0.410493207508
0.0781987962159	0.42164556531
0.0781987962159	0.428331531241
0.0781987962159	0.459983140076
0.0781987962159	0.537435649297
0.0781987962159	0.546956521735
0.0781987962159	0.612334701004
0.0781987962159	0.623008941175
0.0781987962159	0.631424551589
0.0781987962159	0.645320461063
0.0781987962159	0.701746588133
0.0781987962159	0.780598134518
0.0781987962159	0.781965975416
0.0781987962159	0.810328914215
0.0781987962159	0.929446028576
0.0781987962159	0.932146344824
0.0781987962159	0.943211052719
0.0781987962159	0.944193755522
0.0784559449699	0.0395858627157
0.0784559449699	0.0681783319457
0.0784559449699	0.0880542687618
0.0784559449699	0.135730302227
0.0784559449699	0.160840752638
0.0784559449699	0.234428993435
0.0784559449699	0.290978716696
0.0784559449699	0.334799580724
0.0784559449699	0.365821320627
0.0784559449699	0.38813751648
0.0784559449699	0.399981864977
0.0784559449699	0.443907183329
0.0784559449699	0.507056439739
0.0784559449699	0.527732310184
0.0784559449699	0.56460766543
0.0784559449699	0.621585869754
0.0784559449699	0.65750523169
0.0784559449699	0.665239138373
0.0784559449699	0.753763583612
0.0784559449699	0.808738431446
0.0784559449699	0.813201694319
0.0784559449699	0.843235674115
0.0784559449699	0.873849306498
0.0784559449699	0.889630221459
0.0784559449699	0.91828156282
0.078455945	0.2
0.084536663966	0.0318653347736
0.084536663966	0.0327943936187
0.084536663966	0.0493283485586
0.084536663966	0.144029353365
0.084536663966	0.225962071411
0.084536663966	0.238539041878
0.084536663966	0.251796233299
0.084536663966	0.296662707722
0.084536663966	0.350770459198
0.084536663966	0.401784178204
0.084536663966	0.546552678305
0.084536663966	0.547676234534
0.084536663966	0.56498015121
0.084536663966	0.585295232649
0.084536663966	0.613654589368
0.084536663966	0.623288492276
0.084536663966	0.624977961045
0.084536663966	0.634223645771
0.084536663966	0.710443319672
0.084536663966	0.748334292457
0.084536663966	0.794312157325
0.084536663966	0.837976907392
0.084536663966	0.87059050789
0.084536663966	0.940448648753
0.084536663966	0.940735935138
0.084536664	0.2
0.0870287033717	0.0377599113938
0.0870287033717	0.0480685229598
0.0870287033717	0.127008707138
0.0870287033717	0.148035318392
0.0870287033717	0.187941001911
0.0870287033717	0.236522944771
0.0870287033717	0.245908450539
0.0870287033717	0.28824591606
0.0870287033717	0.305598721136
0.0870287033717	0.377153626967
0.0870287033717	0.39486380023
0.0870287033717	0.399634012275
0.0870287033717	0.524089779623
0.0870287033717	0.577998157432
0.0870287033717	0.612414134368
0.0870287033717	0.628849923684
0.0870287033717	0.646963170348
0.0870287033717	0.680632959297
0.0870287033717	0.708580065542
0.0870287033717	0.71449619977
0.0870287033717	0.753796150749
0.0870287033717	0.775358950231
0.0870287033717	0.906029749819
0.0870287033717	0.926029209885
0.0870287033717	0.932209540893
0.0870287034	0.2
0.0945649763789	0.038558025783
0.0945649763789	0.13215474112
0.0945649763789	0.246977472272
0.0945649763789	0.265251244462
0.0945649763789	0.308045707309
0.0945649763789	0.323535054506
0.0945649763789	0.351923245151
0.0945649763789	0.395218635741
0.0945649763789	0.436057354775
0.0945649763789	0.440417643016
0.0945649763789	0.496337667586
0.0945649763789	0.558306934633
0.0945649763789	0.577593813616
0.0945649763789	0.586108306276
0.0945649763789	0.593336739504
0.0945649763789	0.594162548538
0.0945649763789	0.646981093647
0.0945649763789	0.66167985218
0.0945649763789	0.674196122761
0.0945649763789	0.679896233025
0.0945649763789	0.72244279704
0.0945649763789	0.772506047228
0.0945649763789	0.774078671964
0.0945649763789	0.903418231164
0.0945649763789	0.943159375296
0.0945649764	0.2
0.0981350793059	0.102639227969
0.0981350793059	0.10448900783
0.0981350793059	0.261086483828
0.0981350793059	0.266421783709
0.0981350793059	0.299967231798
0.0981350793059	0.306837187608
0.0981350793059	0.31304781284
0.0981350793059	0.423608201617
0.0981350793059	0.470200224946
0.0981350793059	0.50865238839
0.0981350793059	0.558174903249
0.0981350793059	0.612645190122
0.0981350793059	0.645618607755
0.0981350793059	0.649219605401
0.0981350793059	0.670867147617
0.0981350793059	0.693879131062
0.0981350793059	0.704265305594
0.0981350793059	0.733661960289
0.0981350793059	0.747481879488
0.0981350793059	0.750563223452
0.0981350793059	0.809180010222
0.0981350793059	0.826898470664
0.0981350793059	0.891689782365
0.0981350793059	0.905079611253
0.0981350793059	0.934817449353
0.0981350793	0.2
0.1010306214	0.2
0.101030621422	0.0559118103914
0.101030621422	0.118876016388
0.101030621422	0.208745797644
0.101030621422	0.33271854397
0.101030621422	0.41954016596
0.101030621422	0.46336689559
0.101030621422	0.475273322367
0.101030621422	0.507546063411
0.101030621422	0.546049872299
0.101030621422	0.603921714784
0.101030621422	0.675681956528
0.101030621422	0.695590269127
0.101030621422	0.718816071745
0.101030621422	0.791085949679
0.101030621422	0.81375112154
0.101030621422	0.825833072049
0.101030621422	0.827964362166
0.101030621422	0.829553632338
0.101030621422	0.858367934268
0.101030621422	0.867285925197
0.101030621422	0.884430176354
0.101030621422	0.888495171012
0.101030621422	0.894357050005
0.101030621422	0.900524573226
0.101030621422	0.926641572315
0.10595546205	0.0294694378072
0.10595546205	0.0573617997163
0.10595546205	0.075181067006
0.10595546205	0.138040061971
0.10595546205	0.141297012876
0.10595546205	0.190439028282
0.10595546205	0.253812483261
0.10595546205	0.255806175162
0.10595546205	0.256446433753
0.10595546205	0.259980205647
0.10595546205	0.284698419149
0.10595546205	0.305380720418
0.10595546205	0.309454238764
0.10595546205	0.350632031255
0.10595546205	0.425830537035
0.10595546205	0.426289232411
0.10595546205	0.468693205536
0.10595546205	0.745647456808
0.10595546205	0.75841476704
0.10595546205	0.763667840306
0.10595546205	0.768833185145
0.10595546205	0.831648443468
0.10595546205	0.872167887832
0.10595546205	0.897488315027
0.10595546205	0.943156642301
0.1059554621	0.2
0.1229132381	0.2
0.122913238131	0.0150207538447
0.122913238131	0.0337749884178
0.122913238131	0.0780819312228
0.122913238131	0.206359243114
0.122913238131	0.237729339282
0.122913238131	0.275193103119
0.122913238131	0.281986593834
0.122913238131	0.325241279354
0.122913238131	0.350586844109
0.122913238131	0.404566161388
0.122913238131	0.409609046434
0.122913238131	0.411822410001
0.122913238131	0.492308521658
0.122913238131	0.630927705706
0.122913238131	0.683306023929
0.122913238131	0.706827395245
0.122913238131	0.720714881322
0.122913238131	0.757883993511
0.122913238131	0.766793823587
0.122913238131	0.823608741043
0.122913238131	0.828339697634
0.122913238131	0.830149689356
0.122913238131	0.861873270074
0.122913238131	0.867591103488
0.122913238131	0.905497425295
0.12656324367	0.0231758671712
0.12656324367	0.104893354936
0.12656324367	0.190684113114
0.12656324367	0.212312280469
0.12656324367	0.214250047078
0.12656324367	0.321228251554
0.12656324367	0.348327542919
0.12656324367	0.45885134179
0.12656324367	0.476559610081
0.12656324367	0.498512134506
0.12656324367	0.5259156641
0.12656324367	0.540336175216
0.12656324367	0.560859387918
0.12656324367	0.589613130092
0.12656324367	0.59575979178
0.12656324367	0.625451926987
0.12656324367	0.643755007008
0.12656324367	0.699623373809
0.12656324367	0.705860053627
0.12656324367	0.748752917877
0.12656324367	0.758854469239
0.12656324367	0.806176991056
0.12656324367	0.819353627705
0.12656324367	0.897404160768
0.12656324367	0.904249547566
0.1265632437	0.2
0.127671441509	0.0460090743022
0.127671441509	0.0641381371339
0.127671441509	0.15012043922
0.127671441509	0.2623192859
0.127671441509	0.285971468526
0.127671441509	0.323156713294
0.127671441509	0.358459555499
0.127671441509	0.433979680623
0.127671441509	0.492376461234
0.127671441509	0.532967898875
0.127671441509	0.533389962064
0.127671441509	0.590251493105
0.127671441509	0.611915924903
0.127671441509	0.666480639509
0.127671441509	0.680289524513
0.127671441509	0.686548848495
0.127671441509	0.700822744029
0.127671441509	0.726423053876
0.127671441509	0.729093193686
0.127671441509	0.780213947816
0.127671441509	0.808237889044
0.127671441509	0.826992797203
0.127671441509	0.914598122411
0.127671441509	0.928261463487
0.127671441509	0.935656876314
0.1276714415	0.2
0.1314197617	0.2
0.131419761734	0.0612145456502
0.131419761734	0.0793244641516
0.131419761734	0.0855229262541
0.131419761734	0.104147061422
0.131419761734	0.266639605177
0.131419761734	0.337795654575
0.131419761734	0.37159602032
0.131419761734	0.378822254163
0.131419761734	0.42953685608
0.131419761734	0.474144421558
0.131419761734	0.509579283452
0.131419761734	0.578838567221
0.131419761734	0.597689433143
0.131419761734	0.61134268593
0.131419761734	0.624201669558
0.131419761734	0.633444619719
0.131419761734	0.634229759576
0.131419761734	0.723225585606
0.131419761734	0.763772629814
0.131419761734	0.846876344727
0.131419761734	0.862138808654
0.131419761734	0.884535980028
0.131419761734	0.895732859628
0.131419761734	0.917499814044
0.131419761734	0.94849630025
0.1652578331	0.0848176053157
0.1652578331	0.149825110151
0.1652578331	0.157042149633
0.1652578331	0.163080171554
0.1652578331	0.176578609512
0.1652578331	0.187732914439
0.1652578331	0.207910072479
0.1652578331	0.22447309716
0.1652578331	0.251990821451
0.1652578331	0.276431830749
0.1652578331	0.2
0.1652578331	0.304221813477
0.1652578331	0.323453331618
0.1652578331	0.341469500792
0.1652578331	0.372261089704
0.1652578331	0.497665926403
0.1652578331	0.53082017559
0.1652578331	0.554668455963
0.1652578331	0.598780284459
0.1652578331	0.631868562554
0.1652578331	0.636560334466
0.1652578331	0.732671800521
0.1652578331	0.818947742407
0.1652578331	0.919561690935
0.1652578331	0.934568518008
0.1652578331	0.945680603761
0.170053817392	0.0213143206308
0.170053817392	0.12438574311
0.170053817392	0.125626356492
0.170053817392	0.147957174915
0.170053817392	0.161400955779
0.170053817392	0.176760235795
0.170053817392	0.203131549162
0.170053817392	0.248519352025
0.170053817392	0.252821952844
0.170053817392	0.405377673504
0.170053817392	0.441250753646
0.170053817392	0.448450865661
0.170053817392	0.464119097509
0.170053817392	0.510955940829
0.170053817392	0.6247036836
0.170053817392	0.643219013288
0.170053817392	0.662818362375
0.170053817392	0.669570360835
0.170053817392	0.746230599603
0.170053817392	0.746622646528
0.170053817392	0.757957403695
0.170053817392	0.788966460084
0.170053817392	0.804025214532
0.170053817392	0.824838051969
0.170053817392	0.907599669864
0.1700538174	0.2
0.1713619355	0.2
0.17136193554	0.0167786761199
0.17136193554	0.0483105319679
0.17136193554	0.0972508689086
0.17136193554	0.106949177243
0.17136193554	0.168917179232
0.17136193554	0.176354050958
0.17136193554	0.209683929135
0.17136193554	0.22840556932
0.17136193554	0.330429466299
0.17136193554	0.381208273102
0.17136193554	0.409420142714
0.17136193554	0.417094149056
0.17136193554	0.428470901887
0.17136193554	0.489371105942
0.17136193554	0.636608732411
0.17136193554	0.710371894009
0.17136193554	0.735343456067
0.17136193554	0.751350099158
0.17136193554	0.752892028959
0.17136193554	0.767827206881
0.17136193554	0.77790787383
0.17136193554	0.788734359698
0.17136193554	0.801860575144
0.17136193554	0.860981816609
0.17136193554	0.934213467126
0.173531393783	0.0243585398495
0.173531393783	0.0526638094523
0.173531393783	0.0591753950397
0.173531393783	0.0929263560761
0.173531393783	0.163713267279
0.173531393783	0.255474871482
0.173531393783	0.265603604541
0.173531393783	0.268850966869
0.173531393783	0.291142817411
0.173531393783	0.301371914757
0.173531393783	0.315381465005
0.173531393783	0.332594328395
0.173531393783	0.356137949464
0.173531393783	0.396999538139
0.173531393783	0.414763961579
0.173531393783	0.469258252985
0.173531393783	0.619485054882
0.173531393783	0.641702607015
0.173531393783	0.745692212417
0.173531393783	0.783460200908
0.173531393783	0.845310484299
0.173531393783	0.84944065668
0.173531393783	0.871169177013
0.173531393783	0.876663111259
0.173531393783	0.894552113922
0.1735313938	0.2
0.179928751488	0.0212899536064
0.179928751488	0.0469091284949
0.179928751488	0.0604969356913
0.179928751488	0.0886315569495
0.179928751488	0.222965432427
0.179928751488	0.298904148054
0.179928751488	0.308987452973
0.179928751488	0.328051657296
0.179928751488	0.416995671309
0.179928751488	0.448741548516
0.179928751488	0.468275150583
0.179928751488	0.537879269336
0.179928751488	0.540998885914
0.179928751488	0.552181999359
0.179928751488	0.611298589681
0.179928751488	0.619276965996
0.179928751488	0.703436270236
0.179928751488	0.708040435708
0.179928751488	0.711314244282
0.179928751488	0.752708323312
0.179928751488	0.808919059232
0.179928751488	0.866628249388
0.179928751488	0.891017893577
0.179928751488	0.923330737486
0.179928751488	0.939394939558
0.1799287515	0.2
0.194936317395	0.0193846737643
0.194936317395	0.0519185653157
0.194936317395	0.13573462479
0.194936317395	0.190407915876
0.194936317395	0.196341692351
0.194936317395	0.201842825859
0.194936317395	0.306420448762
0.194936317395	0.35488749159
0.194936317395	0.396562876019
0.194936317395	0.438834136318
0.194936317395	0.451207279879
0.194936317395	0.495596069078
0.194936317395	0.516770697248
0.194936317395	0.519727678398
0.194936317395	0.694628422687
0.194936317395	0.695580559216
0.194936317395	0.755679935368
0.194936317395	0.776954883065
0.194936317395	0.802035314952
0.194936317395	0.82961138417
0.194936317395	0.836281941849
0.194936317395	0.912661969595
0.194936317395	0.920082308954
0.194936317395	0.928868429418
0.194936317395	0.943171798879
0.1949363174	0.2
0.2107946813	0.2
0.210794681346	0.106002950011
0.210794681346	0.10883126938
0.210794681346	0.186622825673
0.210794681346	0.198117349408
0.210794681346	0.199902137011
0.210794681346	0.220222244409
0.210794681346	0.269805591802
0.210794681346	0.292487252935
0.210794681346	0.315328086392
0.210794681346	0.341918674765
0.210794681346	0.362210897971
0.210794681346	0.381876759495
0.210794681346	0.413593808593
0.210794681346	0.494982913919
0.210794681346	0.521076768932
0.210794681346	0.616955160156
0.210794681346	0.654469201459
0.210794681346	0.670275358624
0.210794681346	0.674113832034
0.210794681346	0.680868462213
0.210794681346	0.743968737339
0.210794681346	0.77555217135
0.210794681346	0.781102345344
0.210794681346	0.830409201652
0.210794681346	0.933248077007
0.2	0.0158158983291
0.2	0.0255789146816
0.2	0.0320739783243
0.2	0.0825588194994
0.2	0.112745292382
0.2	0.128169881733
0.2	0.150088731861
0.2	0.16403515073
0.2	0.201448245856
0.2	0.221468881025
0.2	0.224162080906
0.2	0.225046203104
0.2	0.22767043181
0.2	0.229004177388
0.2	0.234362205466
0.2	0.235219261888
0.2	0.236820146226
0.2	0.237500674381
0.2	0.247392948924
0.2	0.250209013705
0.2	0.263522380362
0.2	0.266653081559
0.2	0.268317623181
0.2	0.277349941475
0.2	0.286260633097
0.2	0.2
0.2	0.2
0.2	0.308855980874
0.2	0.325183442199
0.2	0.337754605081
0.2	0.342810606891
0.2	0.359853759517
0.2	0.362351758099
0.2	0.362987508076
0.2	0.384197920424
0.2	0.412566484764
0.2	0.439847378044
0.2	0.459919528887
0.2	0.474913948314
0.2	0.509038304558
0.2	0.518653479825
0.2	0.525827107281
0.2	0.531396102523
0.2	0.537242634994
0.2	0.540342750658
0.2	0.56133361777
0.2	0.568586985661
0.2	0.572354570029
0.2	0.578273457508
0.2	0.579704561117
0.2	0.582013964967
0.2	0.590908757706
0.2	0.60504914011
0.2	0.668082032245
0.2	0.687051125717
0.2	0.687762025966
0.2	0.7018751811
0.2	0.726517518405
0.2	0.73325679394
0.2	0.739864373431
0.2	0.798274276752
0.2	0.800087781765
0.2	0.809836283462
0.2	0.814584956199
0.2	0.818979645572
0.2	0.829725564804
0.2	0.832264816932
0.2	0.836275639298
0.2	0.840823797195
0.2	0.847988064295
0.2	0.86636884271
0.2	0.867122186825
0.2	0.903387956623
0.2	0.91286812398
0.2	0.915507734772
0.2	0.925070542442
0.2	0.934353265327
0.225318420457	0.0467168956093
0.225318420457	0.0507613315164
0.225318420457	0.0513384967988
0.225318420457	0.0988409859883
0.225318420457	0.153364552078
0.225318420457	0.235898905507
0.225318420457	0.241064770061
0.225318420457	0.247476658093
0.225318420457	0.30626615314
0.225318420457	0.362071205932
0.225318420457	0.3835026783
0.225318420457	0.413969769523
0.225318420457	0.414289982074
0.225318420457	0.579532806996
0.225318420457	0.585552254924
0.225318420457	0.627670713037
0.225318420457	0.698052719798
0.225318420457	0.725704876191
0.225318420457	0.746237559648
0.225318420457	0.786265971253
0.225318420457	0.834585743732
0.225318420457	0.870390126654
0.225318420457	0.895584704641
0.225318420457	0.900024579318
0.225318420457	0.92273337073
0.2253184205	0.2
0.229609888661	0.0463416811116
0.229609888661	0.106768424528
0.229609888661	0.112977507826
0.229609888661	0.183006529961
0.229609888661	0.196867579633
0.229609888661	0.224870221184
0.229609888661	0.254735322051
0.229609888661	0.271229576228
0.229609888661	0.334463124292
0.229609888661	0.357042995474
0.229609888661	0.449255332385
0.229609888661	0.450854263679
0.229609888661	0.492632292342
0.229609888661	0.535945233081
0.229609888661	0.565843846721
0.229609888661	0.583509603805
0.229609888661	0.589015111084
0.229609888661	0.590799275999
0.229609888661	0.62590336173
0.229609888661	0.642050051681
0.229609888661	0.71103829326
0.229609888661	0.717235433708
0.229609888661	0.739259873964
0.229609888661	0.752363358571
0.229609888661	0.859777678307
0.2296098887	0.2
0.241087819755	0.022455904911
0.241087819755	0.037554116595
0.241087819755	0.0637522340007
0.241087819755	0.0762993061258
0.241087819755	0.1000283773
0.241087819755	0.130006638037
0.241087819755	0.154814943712
0.241087819755	0.22641881959
0.241087819755	0.324050550058
0.241087819755	0.335641973943
0.241087819755	0.382559113552
0.241087819755	0.391806321277
0.241087819755	0.470133225212
0.241087819755	0.522685725475
0.241087819755	0.581221089048
0.241087819755	0.588995940275
0.241087819755	0.674034617714
0.241087819755	0.681127651981
0.241087819755	0.697282524358
0.241087819755	0.726783930888
0.241087819755	0.816649035196
0.241087819755	0.820454412302
0.241087819755	0.888818428448
0.241087819755	0.904432699941
0.241087819755	0.921759481909
0.2410878198	0.2
0.245970781263	0.039171222899
0.245970781263	0.101829345994
0.245970781263	0.1106323386
0.245970781263	0.13672617891
0.245970781263	0.165233568528
0.245970781263	0.174604010933
0.245970781263	0.195364902441
0.245970781263	0.200488251695
0.245970781263	0.226318404356
0.245970781263	0.263565437942
0.245970781263	0.274776837162
0.245970781263	0.507612825319
0.245970781263	0.518684941337
0.245970781263	0.521895247934
0.245970781263	0.537276282923
0.245970781263	0.569216223887
0.245970781263	0.588668140957
0.245970781263	0.609601285096
0.245970781263	0.61329708973
0.245970781263	0.617158335468
0.245970781263	0.740344600255
0.245970781263	0.75013512894
0.245970781263	0.799048951068
0.245970781263	0.805580573136
0.245970781263	0.897285169563
0.2459707813	0.2
0.2482222544	0.2
0.248222254441	0.0363046844849
0.248222254441	0.0545667700351
0.248222254441	0.0902546740116
0.248222254441	0.113680990869
0.248222254441	0.140567906119
0.248222254441	0.17796630828
0.248222254441	0.199529714338
0.248222254441	0.236444615565
0.248222254441	0.308645115334
0.248222254441	0.353764420978
0.248222254441	0.382280223915
0.248222254441	0.394835221496
0.248222254441	0.421049554628
0.248222254441	0.438720380332
0.248222254441	0.441248807811
0.248222254441	0.443028243251
0.248222254441	0.503790895011
0.248222254441	0.606833694738
0.248222254441	0.61960852165
0.248222254441	0.740006088313
0.248222254441	0.772556875087
0.248222254441	0.844332237867
0.248222254441	0.846496819721
0.248222254441	0.907743902663
0.248222254441	0.936891141556
0.2486899234	0.2
0.248689923413	0.0446605207388
0.248689923413	0.0883988192524
0.248689923413	0.0958664311027
0.248689923413	0.17213753354
0.248689923413	0.207698339875
0.248689923413	0.241643798013
0.248689923413	0.354784453497
0.248689923413	0.369567312524
0.248689923413	0.400306040881
0.248689923413	0.425334445468
0.248689923413	0.443472383432
0.248689923413	0.461410421434
0.248689923413	0.483395890847
0.248689923413	0.485838694824
0.248689923413	0.537002143145
0.248689923413	0.539756370947
0.248689923413	0.555626495329
0.248689923413	0.556704626537
0.248689923413	0.558275086965
0.248689923413	0.571737263963
0.248689923413	0.575963783589
0.248689923413	0.705233871942
0.248689923413	0.853682235533
0.248689923413	0.876174129526
0.248689923413	0.939232166783
0.280381587371	0.0317650005823
0.280381587371	0.0319941199777
0.280381587371	0.0800437556132
0.280381587371	0.120751007159
0.280381587371	0.240909574146
0.280381587371	0.25050025596
0.280381587371	0.260438238327
0.280381587371	0.273306815854
0.280381587371	0.385359712792
0.280381587371	0.400181990687
0.280381587371	0.434738159769
0.280381587371	0.45536666732
0.280381587371	0.511163009118
0.280381587371	0.536453953751
0.280381587371	0.574002914163
0.280381587371	0.587948409982
0.280381587371	0.589848878669
0.280381587371	0.59142592353
0.280381587371	0.612760309775
0.280381587371	0.63609673305
0.280381587371	0.641110258548
0.280381587371	0.713451491233
0.280381587371	0.717784724272
0.280381587371	0.724074493692
0.280381587371	0.897248505632
0.2803815874	0.2
0.286666601011	0.0654205297151
0.286666601011	0.0974556247894
0.286666601011	0.107827691769
0.286666601011	0.145491826165
0.286666601011	0.193884570182
0.286666601011	0.220816429711
0.286666601011	0.245650121465
0.286666601011	0.253392499396
0.286666601011	0.296414912552
0.286666601011	0.397124675192
0.286666601011	0.526412263345
0.286666601011	0.528044976246
0.286666601011	0.546799652222
0.286666601011	0.645489134884
0.286666601011	0.68147456268
0.286666601011	0.688635194244
0.286666601011	0.714057578474
0.286666601011	0.793881578542
0.286666601011	0.802853690786
0.286666601011	0.830255471576
0.286666601011	0.879916148614
0.286666601011	0.906375592633
0.286666601011	0.910481328496
0.286666601011	0.911971368699
0.286666601011	0.914316825008
0.286666601	0.2
0.287768654476	0.141355504047
0.287768654476	0.146398333184
0.287768654476	0.155639031048
0.287768654476	0.283200870111
0.287768654476	0.292695445744
0.287768654476	0.408106159149
0.287768654476	0.4808415182
0.287768654476	0.4814766545
0.287768654476	0.564470185929
0.287768654476	0.573853742698
0.287768654476	0.588881341994
0.287768654476	0.630416055275
0.287768654476	0.647814561977
0.287768654476	0.654165834462
0.287768654476	0.713091134451
0.287768654476	0.733411206383
0.287768654476	0.772841898747
0.287768654476	0.781609135246
0.287768654476	0.785284613758
0.287768654476	0.807195706483
0.287768654476	0.900476491904
0.287768654476	0.918953381934
0.287768654476	0.932322898758
0.287768654476	0.942801331433
0.287768654476	0.946610824915
0.2877686545	0.2
0.2885632999	0.2
0.288563299945	0.0216578222259
0.288563299945	0.0470740266555
0.288563299945	0.0701358577071
0.288563299945	0.079938969537
0.288563299945	0.0894573955766
0.288563299945	0.13513031005
0.288563299945	0.151065276049
0.288563299945	0.200364016021
0.288563299945	0.259302227917
0.288563299945	0.317819760155
0.288563299945	0.365177242375
0.288563299945	0.38438648555
0.288563299945	0.437327270905
0.288563299945	0.498521108205
0.288563299945	0.577494261259
0.288563299945	0.580035924933
0.288563299945	0.583478567622
0.288563299945	0.663642027934
0.288563299945	0.708180308075
0.288563299945	0.711814261217
0.288563299945	0.75499661523
0.288563299945	0.801931645415
0.288563299945	0.805288162319
0.288563299945	0.869922656158
0.288563299945	0.875442297081
0.29286024048	0.145662107299
0.29286024048	0.206424969575
0.29286024048	0.243774238248
0.29286024048	0.260364135073
0.29286024048	0.297714461288
0.29286024048	0.299499945216
0.29286024048	0.36160652181
0.29286024048	0.379619375177
0.29286024048	0.391594448713
0.29286024048	0.470370273235
0.29286024048	0.503897864962
0.29286024048	0.564424491668
0.29286024048	0.620817084964
0.29286024048	0.75068546113
0.29286024048	0.796750636017
0.29286024048	0.798513791386
0.29286024048	0.814570876778
0.29286024048	0.817345706866
0.29286024048	0.826329887987
0.29286024048	0.82971141735
0.29286024048	0.844759869959
0.29286024048	0.84607503216
0.29286024048	0.867432494325
0.29286024048	0.875970171072
0.29286024048	0.88729465182
0.2928602405	0.2
0.293524026888	0.0265905373036
0.293524026888	0.094672000957
0.293524026888	0.104930794869
0.293524026888	0.168512109575
0.293524026888	0.190484719592
0.293524026888	0.248467701445
0.293524026888	0.300807794372
0.293524026888	0.338576383656
0.293524026888	0.354182612056
0.293524026888	0.392802592101
0.293524026888	0.407988670872
0.293524026888	0.478934320959
0.293524026888	0.58290103365
0.293524026888	0.597884152078
0.293524026888	0.631444154985
0.293524026888	0.671154005484
0.293524026888	0.718178933642
0.293524026888	0.738018524344
0.293524026888	0.800037850064
0.293524026888	0.823583613807
0.293524026888	0.833282479733
0.293524026888	0.849504287058
0.293524026888	0.861530525087
0.293524026888	0.873012018739
0.293524026888	0.901917845668
0.2935240269	0.2
0.295394999398	0.054242588171
0.295394999398	0.0769280504219
0.295394999398	0.111747305563
0.295394999398	0.131572003036
0.295394999398	0.158691097452
0.295394999398	0.16599887872
0.295394999398	0.173862715629
0.295394999398	0.178696325207
0.295394999398	0.183027238858
0.295394999398	0.238951628389
0.295394999398	0.252914102721
0.295394999398	0.278998231588
0.295394999398	0.317873738779
0.295394999398	0.393552889576
0.295394999398	0.456053927549
0.295394999398	0.53118308096
0.295394999398	0.538326575277
0.295394999398	0.586803681963
0.295394999398	0.590078313756
0.295394999398	0.713610735823
0.295394999398	0.717522323099
0.295394999398	0.753721633013
0.295394999398	0.756951020444
0.295394999398	0.847866321924
0.295394999398	0.856772521879
0.2953949994	0.2
0.2982850331	0.2
0.298285033134	0.0457159407058
0.298285033134	0.0619913282464
0.298285033134	0.0634731246213
0.298285033134	0.156246606933
0.298285033134	0.189728642035
0.298285033134	0.210128374171
0.298285033134	0.210580393585
0.298285033134	0.22406322465
0.298285033134	0.232187988342
0.298285033134	0.306533685132
0.298285033134	0.31123537244
0.298285033134	0.371589233504
0.298285033134	0.398777330916
0.298285033134	0.455997658618
0.298285033134	0.476318190352
0.298285033134	0.494606730816
0.298285033134	0.577351944309
0.298285033134	0.672799401337
0.298285033134	0.781398570912
0.298285033134	0.798278599411
0.298285033134	0.802325803645
0.298285033134	0.822064610636
0.298285033134	0.861605843558
0.298285033134	0.906498764483
0.298285033134	0.918667868714
0.299054503911	0.0237100058962
0.299054503911	0.051117715059
0.299054503911	0.08304486145
0.299054503911	0.0945433634219
0.299054503911	0.109063975292
0.299054503911	0.130218672635
0.299054503911	0.149342087531
0.299054503911	0.168638735556
0.299054503911	0.206441195621
0.299054503911	0.23324382838
0.299054503911	0.292975154118
0.299054503911	0.336899706032
0.299054503911	0.351919111384
0.299054503911	0.354273229692
0.299054503911	0.606509689229
0.299054503911	0.629086257756
0.299054503911	0.629606156811
0.299054503911	0.631702500523
0.299054503911	0.661542674256
0.299054503911	0.715774255842
0.299054503911	0.829007511475
0.299054503911	0.86359463717
0.299054503911	0.908876681021
0.299054503911	0.928026426935
0.299054503911	0.947790037729
0.2990545039	0.2
0.30214290098	0.027556420665
0.30214290098	0.0990552260552
0.30214290098	0.170295570817
0.30214290098	0.182006586851
0.30214290098	0.225432906851
0.30214290098	0.337837432365
0.30214290098	0.345418834492
0.30214290098	0.35212717551
0.30214290098	0.356967252179
0.30214290098	0.400117865084
0.30214290098	0.480088094779
0.30214290098	0.4860149229
0.30214290098	0.518473515787
0.30214290098	0.529508903262
0.30214290098	0.54879151035
0.30214290098	0.610841185453
0.30214290098	0.666978468781
0.30214290098	0.675528836063
0.30214290098	0.691319523991
0.30214290098	0.75845889085
0.30214290098	0.762918527574
0.30214290098	0.800717959879
0.30214290098	0.82718295423
0.30214290098	0.907155589074
0.30214290098	0.908968192773
0.302142901	0.2
0.303708455995	0.0110829040049
0.303708455995	0.0311371903294
0.303708455995	0.176077818378
0.303708455995	0.181191598293
0.303708455995	0.214216837763
0.303708455995	0.239755734118
0.303708455995	0.301214434277
0.303708455995	0.320866429893
0.303708455995	0.324792326446
0.303708455995	0.413042317708
0.303708455995	0.43287010689
0.303708455995	0.479928971465
0.303708455995	0.482747035654
0.303708455995	0.49678843849
0.303708455995	0.513919600091
0.303708455995	0.624748503436
0.303708455995	0.62933844117
0.303708455995	0.668872912607
0.303708455995	0.669905083808
0.303708455995	0.762877131241
0.303708455995	0.789009236935
0.303708455995	0.801969708823
0.303708455995	0.824583549571
0.303708455995	0.863187392171
0.303708455995	0.901751349957
0.303708456	0.2
0.307514213468	0.0614567230632
0.307514213468	0.0794419374633
0.307514213468	0.176648459971
0.307514213468	0.198178700004
0.307514213468	0.217434960861
0.307514213468	0.238789200638
0.307514213468	0.328404501011
0.307514213468	0.349462599831
0.307514213468	0.356445262043
0.307514213468	0.375233991017
0.307514213468	0.432913057341
0.307514213468	0.442848993653
0.307514213468	0.497260960774
0.307514213468	0.582979808526
0.307514213468	0.677630125428
0.307514213468	0.698039862351
0.307514213468	0.728447630901
0.307514213468	0.731657020484
0.307514213468	0.75642679201
0.307514213468	0.779314467754
0.307514213468	0.849747472222
0.307514213468	0.852700022291
0.307514213468	0.919832866964
0.307514213468	0.92427120243
0.307514213468	0.929597337136
0.3075142135	0.2
0.310603086962	0.0362007003926
0.310603086962	0.0443006461742
0.310603086962	0.0449784500076
0.310603086962	0.0474208155962
0.310603086962	0.0651457294723
0.310603086962	0.0746996947123
0.310603086962	0.117133214657
0.310603086962	0.130326208095
0.310603086962	0.277277393058
0.310603086962	0.300081608356
0.310603086962	0.471497822499
0.310603086962	0.542349009963
0.310603086962	0.571677794907
0.310603086962	0.575233757847
0.310603086962	0.608851738537
0.310603086962	0.616113323742
0.310603086962	0.717551230345
0.310603086962	0.751875108577
0.310603086962	0.763767857578
0.310603086962	0.765799947927
0.310603086962	0.773801435909
0.310603086962	0.803289581369
0.310603086962	0.827233882994
0.310603086962	0.833634765038
0.310603086962	0.904428712387
0.310603087	0.2
0.3157393535	0.2
0.315739353544	0.092986656107
0.315739353544	0.129495456353
0.315739353544	0.165409604821
0.315739353544	0.291570704554
0.315739353544	0.300504367012
0.315739353544	0.309832256828
0.315739353544	0.489638747576
0.315739353544	0.505465210814
0.315739353544	0.530913527662
0.315739353544	0.562507797847
0.315739353544	0.581252712986
0.315739353544	0.605867784539
0.315739353544	0.624220682923
0.315739353544	0.652818588159
0.315739353544	0.695030276947
0.315739353544	0.740235656799
0.315739353544	0.767860335399
0.315739353544	0.769428047593
0.315739353544	0.770252822407
0.315739353544	0.774174644591
0.315739353544	0.77895706704
0.315739353544	0.781492056191
0.315739353544	0.821217148801
0.315739353544	0.833858331172
0.315739353544	0.857037873235
0.31628868667	0.163618275783
0.31628868667	0.17071309413
0.31628868667	0.185921611993
0.31628868667	0.18862975292
0.31628868667	0.195964774596
0.31628868667	0.196482142784
0.31628868667	0.226418365228
0.31628868667	0.292178898903
0.31628868667	0.308389792524
0.31628868667	0.320269711085
0.31628868667	0.387751825014
0.31628868667	0.429292691853
0.31628868667	0.446388554635
0.31628868667	0.461991336219
0.31628868667	0.534396470303
0.31628868667	0.569991768142
0.31628868667	0.582668611249
0.31628868667	0.618975038556
0.31628868667	0.678433288334
0.31628868667	0.719534854538
0.31628868667	0.724484150643
0.31628868667	0.74582209236
0.31628868667	0.856225326041
0.31628868667	0.873681149912
0.31628868667	0.927159697781
0.3162886867	0.2
0.327956043699	0.0581891612488
0.327956043699	0.0602248394159
0.327956043699	0.0670491083275
0.327956043699	0.0680828725277
0.327956043699	0.0815684508877
0.327956043699	0.0967001113656
0.327956043699	0.0970697714285
0.327956043699	0.124553255989
0.327956043699	0.143181897661
0.327956043699	0.179450571459
0.327956043699	0.195876280412
0.327956043699	0.20995195716
0.327956043699	0.26471497729
0.327956043699	0.274101938232
0.327956043699	0.315107489303
0.327956043699	0.332177955333
0.327956043699	0.407586437754
0.327956043699	0.410994287487
0.327956043699	0.417409643231
0.327956043699	0.438134630266
0.327956043699	0.624243932514
0.327956043699	0.723871657593
0.327956043699	0.824575540035
0.327956043699	0.829930765826
0.327956043699	0.858417743969
0.3279560437	0.2
0.3304812167	0.109507307767
0.3304812167	0.12433293643
0.3304812167	0.148654973433
0.3304812167	0.166877635413
0.3304812167	0.18799337459
0.3304812167	0.189513688961
0.3304812167	0.208778340841
0.3304812167	0.257558102258
0.3304812167	0.281158306532
0.3304812167	0.2
0.3304812167	0.368605278864
0.3304812167	0.467877418086
0.3304812167	0.524821012507
0.3304812167	0.540176036426
0.3304812167	0.606121618995
0.3304812167	0.607261573368
0.3304812167	0.618165334794
0.3304812167	0.636022144975
0.3304812167	0.73161189014
0.3304812167	0.743212323078
0.3304812167	0.787687815516
0.3304812167	0.824684549681
0.3304812167	0.859096173472
0.3304812167	0.882589523456
0.3304812167	0.933083253332
0.3304812167	0.948442142257
0.3327271597	0.2
0.332727159732	0.0324687279383
0.332727159732	0.068874356149
0.332727159732	0.0753289469173
0.332727159732	0.0901263201341
0.332727159732	0.0950016876964
0.332727159732	0.110887716734
0.332727159732	0.14143231916
0.332727159732	0.26313554265
0.332727159732	0.263339010824
0.332727159732	0.316589576581
0.332727159732	0.416090325274
0.332727159732	0.439984595107
0.332727159732	0.470812969808
0.332727159732	0.522134884224
0.332727159732	0.584525310723
0.332727159732	0.613877772553
0.332727159732	0.676863198372
0.332727159732	0.682386350347
0.332727159732	0.685357922559
0.332727159732	0.763736265847
0.332727159732	0.8074716507
0.332727159732	0.819336389461
0.332727159732	0.825669392342
0.332727159732	0.835983371535
0.332727159732	0.882066701361
0.333662135998	0.0448003914734
0.333662135998	0.0579928261612
0.333662135998	0.119975829587
0.333662135998	0.126160803689
0.333662135998	0.187363720449
0.333662135998	0.250633161046
0.333662135998	0.277643143159
0.333662135998	0.289996506788
0.333662135998	0.336742394933
0.333662135998	0.37484632689
0.333662135998	0.399838306981
0.333662135998	0.415042387305
0.333662135998	0.42293269093
0.333662135998	0.462759703137
0.333662135998	0.633403533948
0.333662135998	0.650800850969
0.333662135998	0.747762770147
0.333662135998	0.755457736625
0.333662135998	0.801267306077
0.333662135998	0.826869926184
0.333662135998	0.870644658733
0.333662135998	0.888121496876
0.333662135998	0.891071295828
0.333662135998	0.89194360201
0.333662135998	0.92048239768
0.333662136	0.2
0.3337108507	0.2
0.333710850744	0.0174796772337
0.333710850744	0.0954101696322
0.333710850744	0.151830522173
0.333710850744	0.164090589504
0.333710850744	0.219361694584
0.333710850744	0.239854094768
0.333710850744	0.243049227798
0.333710850744	0.24339822873
0.333710850744	0.253475533781
0.333710850744	0.296551783717
0.333710850744	0.306302744108
0.333710850744	0.392277387351
0.333710850744	0.40904932626
0.333710850744	0.458623973374
0.333710850744	0.504268139058
0.333710850744	0.574740891156
0.333710850744	0.616234405853
0.333710850744	0.761351580539
0.333710850744	0.777668680182
0.333710850744	0.84154685508
0.333710850744	0.861482979877
0.333710850744	0.872016283095
0.333710850744	0.907880034857
0.333710850744	0.931590150621
0.333710850744	0.936203733297
0.355274970889	0.0191676099621
0.355274970889	0.0234892105095
0.355274970889	0.110837692314
0.355274970889	0.125855966872
0.355274970889	0.147432865683
0.355274970889	0.228034398131
0.355274970889	0.229019155799
0.355274970889	0.290573419976
0.355274970889	0.381662160237
0.355274970889	0.389894878907
0.355274970889	0.423660295075
0.355274970889	0.448482128466
0.355274970889	0.550277649311
0.355274970889	0.597872535881
0.355274970889	0.624164586701
0.355274970889	0.652120298644
0.355274970889	0.719916987467
0.355274970889	0.745855870976
0.355274970889	0.781966245096
0.355274970889	0.797764782309
0.355274970889	0.837155285997
0.355274970889	0.859435212235
0.355274970889	0.869262919218
0.355274970889	0.941627355408
0.355274970889	0.943652487641
0.3552749709	0.2
0.357586158891	0.102802685464
0.357586158891	0.153693047202
0.357586158891	0.156377819034
0.357586158891	0.162778236111
0.357586158891	0.163767236058
0.357586158891	0.197928859405
0.357586158891	0.21651574301
0.357586158891	0.230629992747
0.357586158891	0.235212001913
0.357586158891	0.243510417093
0.357586158891	0.275104956156
0.357586158891	0.284447602148
0.357586158891	0.324554556039
0.357586158891	0.375233035822
0.357586158891	0.378184940311
0.357586158891	0.408130602928
0.357586158891	0.432700017383
0.357586158891	0.435440454241
0.357586158891	0.458580736989
0.357586158891	0.804798892301
0.357586158891	0.832319594025
0.357586158891	0.840820175369
0.357586158891	0.868533439952
0.357586158891	0.909331088864
0.357586158891	0.94009696495
0.3575861589	0.2
0.374355405486	0.0119300051823
0.374355405486	0.0414131170728
0.374355405486	0.139785999524
0.374355405486	0.147255246988
0.374355405486	0.21453454075
0.374355405486	0.270731180092
0.374355405486	0.365566055708
0.374355405486	0.394369203473
0.374355405486	0.396887107386
0.374355405486	0.435401119906
0.374355405486	0.455499735586
0.374355405486	0.527668227723
0.374355405486	0.532339959905
0.374355405486	0.553383050185
0.374355405486	0.608171627909
0.374355405486	0.715218976108
0.374355405486	0.737516361304
0.374355405486	0.754267748875
0.374355405486	0.770608561444
0.374355405486	0.823859828701
0.374355405486	0.847321036911
0.374355405486	0.896248273875
0.374355405486	0.910494622557
0.374355405486	0.910617220138
0.374355405486	0.934151387631
0.3743554055	0.2
0.375876055256	0.041032612332
0.375876055256	0.0738891963482
0.375876055256	0.144145836128
0.375876055256	0.201482706007
0.375876055256	0.307972709892
0.375876055256	0.344016792288
0.375876055256	0.425268969734
0.375876055256	0.435904382395
0.375876055256	0.525052053738
0.375876055256	0.569137756721
0.375876055256	0.572372841486
0.375876055256	0.587806851206
0.375876055256	0.604378944878
0.375876055256	0.655306010701
0.375876055256	0.671172512751
0.375876055256	0.672940666787
0.375876055256	0.693753839328
0.375876055256	0.726974173873
0.375876055256	0.808262779321
0.375876055256	0.814275920916
0.375876055256	0.822718877007
0.375876055256	0.826258407771
0.375876055256	0.830748925839
0.375876055256	0.834348164533
0.375876055256	0.907151091138
0.3758760553	0.2
0.41705845006	0.108202454107
0.41705845006	0.128261420197
0.41705845006	0.145833369636
0.41705845006	0.204811388902
0.41705845006	0.212333957271
0.41705845006	0.214337431796
0.41705845006	0.219131802464
0.41705845006	0.273631115992
0.41705845006	0.360084348253
0.41705845006	0.369221003009
0.41705845006	0.380953420222
0.41705845006	0.388927839565
0.41705845006	0.445521319608
0.41705845006	0.470513110197
0.41705845006	0.518118187335
0.41705845006	0.558323933095
0.41705845006	0.607299539148
0.41705845006	0.620200476008
0.41705845006	0.657388097483
0.41705845006	0.684488570035
0.41705845006	0.714090611008
0.41705845006	0.759055515403
0.41705845006	0.822102323221
0.41705845006	0.835807218045
0.41705845006	0.935116486918
0.4170584501	0.2
0.428624849453	0.0143091431846
0.428624849453	0.0177346288594
0.428624849453	0.0407354465754
0.428624849453	0.0847409232803
0.428624849453	0.105899750954
0.428624849453	0.162545298298
0.428624849453	0.250243523178
0.428624849453	0.363527909982
0.428624849453	0.364785442678
0.428624849453	0.404774473482
0.428624849453	0.426740694176
0.428624849453	0.521946174874
0.428624849453	0.55548129077
0.428624849453	0.567080357095
0.428624849453	0.571323880269
0.428624849453	0.6025218758
0.428624849453	0.612544306878
0.428624849453	0.696231315075
0.428624849453	0.721060797264
0.428624849453	0.730281821269
0.428624849453	0.731419967518
0.428624849453	0.73666380511
0.428624849453	0.850174732811
0.428624849453	0.857636500618
0.428624849453	0.887488986146
0.4286248495	0.2
0.4292937724	0.2
0.429293772428	0.0368912931544
0.429293772428	0.083222767705
0.429293772428	0.174037677604
0.429293772428	0.238473107913
0.429293772428	0.245115105833
0.429293772428	0.307831368003
0.429293772428	0.309115880449
0.429293772428	0.316273171568
0.429293772428	0.333624979218
0.429293772428	0.40702439287
0.429293772428	0.453368823762
0.429293772428	0.469803788534
0.429293772428	0.556059203269
0.429293772428	0.610879649329
0.429293772428	0.620750496948
0.429293772428	0.627057530866
0.429293772428	0.698945959882
0.429293772428	0.704563247304
0.429293772428	0.708635288039
0.429293772428	0.731028936615
0.429293772428	0.777339801055
0.429293772428	0.826636749353
0.429293772428	0.896088200734
0.429293772428	0.919851478839
0.429293772428	0.923810535553
0.430051161097	0.0485739190922
0.430051161097	0.0581464095334
0.430051161097	0.143116583618
0.430051161097	0.191790236203
0.430051161097	0.205637720428
0.430051161097	0.253879873945
0.430051161097	0.323210581136
0.430051161097	0.331467934772
0.430051161097	0.346187119303
0.430051161097	0.3516657249
0.430051161097	0.368540754679
0.430051161097	0.389217784018
0.430051161097	0.534026703055
0.430051161097	0.544480945728
0.430051161097	0.567477421372
0.430051161097	0.569384303557
0.430051161097	0.5809156481
0.430051161097	0.678318478025
0.430051161097	0.741364478643
0.430051161097	0.758833688419
0.430051161097	0.774641141981
0.430051161097	0.780528127197
0.430051161097	0.784614934235
0.430051161097	0.917730203398
0.430051161097	0.936228810686
0.4300511611	0.2
0.430207233051	0.0188227044257
0.430207233051	0.112671466463
0.430207233051	0.140884405331
0.430207233051	0.203542869497
0.430207233051	0.316278516062
0.430207233051	0.396422858072
0.430207233051	0.39677578892
0.430207233051	0.409458730984
0.430207233051	0.416551175319
0.430207233051	0.470491576484
0.430207233051	0.50276752084
0.430207233051	0.522053426431
0.430207233051	0.535647961877
0.430207233051	0.546763802787
0.430207233051	0.620397794444
0.430207233051	0.644834129725
0.430207233051	0.706507460287
0.430207233051	0.744551282504
0.430207233051	0.783208065451
0.430207233051	0.786568942191
0.430207233051	0.83035717426
0.430207233051	0.860062935551
0.430207233051	0.865992411008
0.430207233051	0.913024947349
0.430207233051	0.945249312753
0.4302072331	0.2
0.4534621829	0.2
0.453462182946	0.0217879624207
0.453462182946	0.0827103013225
0.453462182946	0.0984119176608
0.453462182946	0.108656078352
0.453462182946	0.113590796567
0.453462182946	0.126661621783
0.453462182946	0.158924204792
0.453462182946	0.185492831432
0.453462182946	0.277799488029
0.453462182946	0.301537652668
0.453462182946	0.346795835018
0.453462182946	0.447563592675
0.453462182946	0.504671447916
0.453462182946	0.511331423587
0.453462182946	0.514905311228
0.453462182946	0.584198892798
0.453462182946	0.594276476599
0.453462182946	0.603741916462
0.453462182946	0.630675488837
0.453462182946	0.682362881885
0.453462182946	0.710994750326
0.453462182946	0.788004840115
0.453462182946	0.83738381094
0.453462182946	0.847807361895
0.453462182946	0.857065589208
0.460280725048	0.0137172055799
0.460280725048	0.0795298381471
0.460280725048	0.0893504517831
0.460280725048	0.143309321117
0.460280725048	0.168887304325
0.460280725048	0.178680338431
0.460280725048	0.196262467526
0.460280725048	0.258499295973
0.460280725048	0.366593355564
0.460280725048	0.448300541888
0.460280725048	0.468010292907
0.460280725048	0.477604226539
0.460280725048	0.49860818545
0.460280725048	0.577472979782
0.460280725048	0.587712952154
0.460280725048	0.602673436501
0.460280725048	0.657426496501
0.460280725048	0.732976324522
0.460280725048	0.735374223711
0.460280725048	0.771586573065
0.460280725048	0.817169462861
0.460280725048	0.850376187034
0.460280725048	0.887161524914
0.460280725048	0.921100222643
0.460280725048	0.931319617484
0.460280725	0.2
0.462429396277	0.0584543617244
0.462429396277	0.136421953976
0.462429396277	0.187356632015
0.462429396277	0.220160256143
0.462429396277	0.242417253897
0.462429396277	0.249157057547
0.462429396277	0.345378303833
0.462429396277	0.350535887471
0.462429396277	0.357936863928
0.462429396277	0.375156548073
0.462429396277	0.392704134373
0.462429396277	0.403767528236
0.462429396277	0.446422030563
0.462429396277	0.466278051388
0.462429396277	0.476914024271
0.462429396277	0.510238388895
0.462429396277	0.515903188988
0.462429396277	0.55517877041
0.462429396277	0.646808628922
0.462429396277	0.65579794775
0.462429396277	0.737427026782
0.462429396277	0.76445115219
0.462429396277	0.798458449667
0.462429396277	0.85013425141
0.462429396277	0.87254096369
0.4624293963	0.2
0.468472720398	0.0164261163194
0.468472720398	0.0676569693778
0.468472720398	0.138159681944
0.468472720398	0.150503067448
0.468472720398	0.208996423
0.468472720398	0.220187787104
0.468472720398	0.311815316752
0.468472720398	0.339157169227
0.468472720398	0.346862137526
0.468472720398	0.407814394216
0.468472720398	0.450410309527
0.468472720398	0.47198895689
0.468472720398	0.514312882721
0.468472720398	0.573276060753
0.468472720398	0.573969716997
0.468472720398	0.64141356705
0.468472720398	0.653989568672
0.468472720398	0.677498149999
0.468472720398	0.701402445751
0.468472720398	0.759128752061
0.468472720398	0.777888479742
0.468472720398	0.782574344576
0.468472720398	0.888399674219
0.468472720398	0.926729593353
0.468472720398	0.936123942711
0.4684727204	0.2
0.483106770087	0.0167823359652
0.483106770087	0.0192041488438
0.483106770087	0.0645301887066
0.483106770087	0.105748307766
0.483106770087	0.132156345306
0.483106770087	0.27879179035
0.483106770087	0.310320574405
0.483106770087	0.390395703431
0.483106770087	0.423281703885
0.483106770087	0.474452244302
0.483106770087	0.55092235557
0.483106770087	0.556840679801
0.483106770087	0.558043009804
0.483106770087	0.615097995322
0.483106770087	0.615673380839
0.483106770087	0.620125533731
0.483106770087	0.645812958174
0.483106770087	0.744821702464
0.483106770087	0.782319740869
0.483106770087	0.78312391342
0.483106770087	0.809743258209
0.483106770087	0.817489513047
0.483106770087	0.819609539616
0.483106770087	0.909763300172
0.483106770087	0.917827447873
0.4831067701	0.2
0.4866798727	0.2
0.486679872738	0.0583331753634
0.486679872738	0.110801704826
0.486679872738	0.169995058439
0.486679872738	0.203945841437
0.486679872738	0.241739722745
0.486679872738	0.409710637919
0.486679872738	0.41108548391
0.486679872738	0.420247015777
0.486679872738	0.448340432325
0.486679872738	0.541576561459
0.486679872738	0.551930594752
0.486679872738	0.619018127529
0.486679872738	0.627077471133
0.486679872738	0.648469558047
0.486679872738	0.652014120379
0.486679872738	0.653888244316
0.486679872738	0.661017083692
0.486679872738	0.666239853312
0.486679872738	0.672629168052
0.486679872738	0.720349891165
0.486679872738	0.722016108446
0.486679872738	0.755899024667
0.486679872738	0.77585645076
0.486679872738	0.776415166129
0.486679872738	0.892804272564
0.486914495588	0.0748290306579
0.486914495588	0.15166754694
0.486914495588	0.153727368709
0.486914495588	0.230146430948
0.486914495588	0.249145581003
0.486914495588	0.463063508685
0.486914495588	0.46815398555
0.486914495588	0.473701556227
0.486914495588	0.480213995235
0.486914495588	0.498801103546
0.486914495588	0.5741566154
0.486914495588	0.583763185224
0.486914495588	0.59873148249
0.486914495588	0.601695070983
0.486914495588	0.630642710611
0.486914495588	0.67466018154
0.486914495588	0.688135852071
0.486914495588	0.74918129571
0.486914495588	0.754787764308
0.486914495588	0.780326416304
0.486914495588	0.790161042009
0.486914495588	0.865524846915
0.486914495588	0.870705255092
0.486914495588	0.8995846909
0.486914495588	0.905706290886
0.4869144956	0.2
0.488704793663	0.0730400867366
0.488704793663	0.101803512698
0.488704793663	0.104388947631
0.488704793663	0.164947010839
0.488704793663	0.175369276183
0.488704793663	0.263643902048
0.488704793663	0.27336020996
0.488704793663	0.356727873513
0.488704793663	0.448846071122
0.488704793663	0.464797542991
0.488704793663	0.535378837619
0.488704793663	0.564157875553
0.488704793663	0.603550605539
0.488704793663	0.693425118796
0.488704793663	0.704578460383
0.488704793663	0.713451388084
0.488704793663	0.718292559214
0.488704793663	0.744815372576
0.488704793663	0.75187036121
0.488704793663	0.761781973501
0.488704793663	0.773223136596
0.488704793663	0.79285929388
0.488704793663	0.819263734236
0.488704793663	0.851465042038
0.488704793663	0.923473186884
0.4887047937	0.2
0.493988048383	0.0329335100982
0.493988048383	0.0880052944719
0.493988048383	0.0891770316656
0.493988048383	0.0916729569735
0.493988048383	0.106935780508
0.493988048383	0.139483786986
0.493988048383	0.161122503745
0.493988048383	0.196823607114
0.493988048383	0.236544751075
0.493988048383	0.259488434581
0.493988048383	0.270895560174
0.493988048383	0.341516313305
0.493988048383	0.361916766132
0.493988048383	0.419186641695
0.493988048383	0.427353023556
0.493988048383	0.473317186244
0.493988048383	0.539486118625
0.493988048383	0.57315127725
0.493988048383	0.607019350438
0.493988048383	0.676661540185
0.493988048383	0.796154793592
0.493988048383	0.804606202682
0.493988048383	0.810758486407
0.493988048383	0.834260653496
0.493988048383	0.906776478233
0.4939880484	0.2
0.497721423045	0.0108688570729
0.497721423045	0.0555943640781
0.497721423045	0.136446352362
0.497721423045	0.180178374223
0.497721423045	0.187718832833
0.497721423045	0.212376402634
0.497721423045	0.222660998629
0.497721423045	0.237888969284
0.497721423045	0.266647891579
0.497721423045	0.394584542025
0.497721423045	0.412329003414
0.497721423045	0.45292807313
0.497721423045	0.503423268605
0.497721423045	0.547828768565
0.497721423045	0.556735083895
0.497721423045	0.602695101676
0.497721423045	0.618404771968
0.497721423045	0.67110756691
0.497721423045	0.679128779454
0.497721423045	0.735645790155
0.497721423045	0.746566630275
0.497721423045	0.803070394536
0.497721423045	0.809410368691
0.497721423045	0.826639739758
0.497721423045	0.852839430626
0.497721423	0.2
