0.2	0.2
0.2	0.509038304558
0.2	0.726517518405
0.2	0.128169881733
0.2	0.224162080906
0.2	0.277349941475
0.2	0.915507734772
0.2	0.590908757706
0.2	0.903387956623
0.2	0.362987508076
0.2	0.668082032245
0.2	0.229004177388
0.2	0.112745292382
0.2	0.263522380362
0.2	0.847988064295
0.2	0.540342750658
0.2	0.266653081559
0.2	0.235219261888
0.2	0.572354570029
0.2	0.818979645572
0.2	0.814584956199
0.2	0.22767043181
0.2	0.578273457508
0.2	0.201448245856
0.2	0.7018751811
0.2	0.531396102523
0.486679872738	0.661017083692
0.486679872738	0.0583331753634
0.486679872738	0.776415166129
0.486679872738	0.722016108446
0.486679872738	0.653888244316
0.486679872738	0.627077471133
0.486679872738	0.652014120379
0.486679872738	0.448340432325
0.486679872738	0.541576561459
0.486679872738	0.551930594752
0.486679872738	0.41108548391
0.486679872738	0.755899024667
0.486679872738	0.672629168052
0.486679872738	0.420247015777
0.486679872738	0.169995058439
0.486679872738	0.720349891165
0.486679872738	0.203945841437
0.486679872738	0.110801704826
0.486679872738	0.241739722745
0.486679872738	0.409710637919
0.486679872738	0.619018127529
0.486679872738	0.648469558047
0.486679872738	0.892804272564
0.486679872738	0.666239853312
0.486679872738	0.77585645076
0.488704793663	0.713451388084
0.488704793663	0.27336020996
0.488704793663	0.175369276183
0.488704793663	0.744815372576
0.488704793663	0.851465042038
0.488704793663	0.819263734236
0.488704793663	0.693425118796
0.488704793663	0.448846071122
0.488704793663	0.263643902048
0.488704793663	0.564157875553
0.488704793663	0.535378837619
0.488704793663	0.101803512698
0.488704793663	0.356727873513
0.488704793663	0.773223136596
0.488704793663	0.164947010839
0.488704793663	0.704578460383
0.488704793663	0.0730400867366
0.488704793663	0.75187036121
0.488704793663	0.761781973501
0.488704793663	0.923473186884
0.488704793663	0.104388947631
0.488704793663	0.603550605539
0.488704793663	0.79285929388
0.488704793663	0.718292559214
0.488704793663	0.464797542991
0.315739353544	0.833858331172
0.315739353544	0.129495456353
0.315739353544	0.530913527662
0.315739353544	0.562507797847
0.315739353544	0.821217148801
0.315739353544	0.781492056191
0.315739353544	0.291570704554
0.315739353544	0.740235656799
0.315739353544	0.767860335399
0.315739353544	0.857037873235
0.315739353544	0.092986656107
0.315739353544	0.774174644591
0.315739353544	0.624220682923
0.315739353544	0.581252712986
0.315739353544	0.165409604821
0.315739353544	0.309832256828
0.315739353544	0.605867784539
0.315739353544	0.77895706704
0.315739353544	0.695030276947
0.315739353544	0.769428047593
0.315739353544	0.300504367012
0.315739353544	0.770252822407
0.315739353544	0.652818588159
0.315739353544	0.489638747576
0.315739353544	0.505465210814
0.430051161097	0.569384303557
0.430051161097	0.936228810686
0.430051161097	0.331467934772
0.430051161097	0.253879873945
0.430051161097	0.567477421372
0.430051161097	0.917730203398
0.430051161097	0.346187119303
0.430051161097	0.143116583618
0.430051161097	0.0581464095334
0.430051161097	0.3516657249
0.430051161097	0.774641141981
0.430051161097	0.758833688419
0.430051161097	0.534026703055
0.430051161097	0.678318478025
0.430051161097	0.784614934235
0.430051161097	0.191790236203
0.430051161097	0.544480945728
0.430051161097	0.205637720428
0.430051161097	0.0485739190922
0.430051161097	0.368540754679
0.430051161097	0.5809156481
0.430051161097	0.780528127197
0.430051161097	0.323210581136
0.430051161097	0.741364478643
0.430051161097	0.389217784018
0.170053817392	0.464119097509
0.170053817392	0.746230599603
0.170053817392	0.757957403695
0.170053817392	0.203131549162
0.170053817392	0.6247036836
0.170053817392	0.448450865661
0.170053817392	0.0213143206308
0.170053817392	0.907599669864
0.170053817392	0.248519352025
0.170053817392	0.12438574311
0.170053817392	0.125626356492
0.170053817392	0.804025214532
0.170053817392	0.662818362375
0.170053817392	0.746622646528
0.170053817392	0.510955940829
0.170053817392	0.788966460084
0.170053817392	0.669570360835
0.170053817392	0.147957174915
0.170053817392	0.405377673504
0.170053817392	0.252821952844
0.170053817392	0.643219013288
0.170053817392	0.824838051969
0.170053817392	0.176760235795
0.170053817392	0.161400955779
0.170053817392	0.441250753646
0.310603086962	0.904428712387
0.310603086962	0.833634765038
0.310603086962	0.117133214657
0.310603086962	0.717551230345
0.310603086962	0.0443006461742
0.310603086962	0.277277393058
0.310603086962	0.765799947927
0.310603086962	0.773801435909
0.310603086962	0.763767857578
0.310603086962	0.751875108577
0.310603086962	0.0474208155962
0.310603086962	0.471497822499
0.310603086962	0.542349009963
0.310603086962	0.608851738537
0.310603086962	0.0651457294723
0.310603086962	0.0362007003926
0.310603086962	0.571677794907
0.310603086962	0.0449784500076
0.310603086962	0.130326208095
0.310603086962	0.575233757847
0.310603086962	0.827233882994
0.310603086962	0.300081608356
0.310603086962	0.0746996947123
0.310603086962	0.803289581369
0.310603086962	0.616113323742
0.298285033134	0.371589233504
0.298285033134	0.476318190352
0.298285033134	0.189728642035
0.298285033134	0.455997658618
0.298285033134	0.798278599411
0.298285033134	0.918667868714
0.298285033134	0.156246606933
0.298285033134	0.822064610636
0.298285033134	0.577351944309
0.298285033134	0.210580393585
0.298285033134	0.398777330916
0.298285033134	0.22406322465
0.298285033134	0.861605843558
0.298285033134	0.232187988342
0.298285033134	0.306533685132
0.298285033134	0.494606730816
0.298285033134	0.906498764483
0.298285033134	0.781398570912
0.298285033134	0.210128374171
0.298285033134	0.802325803645
0.298285033134	0.0634731246213
0.298285033134	0.0619913282464
0.298285033134	0.0457159407058
0.298285033134	0.672799401337
0.298285033134	0.31123537244
0.299054503911	0.23324382838
0.299054503911	0.292975154118
0.299054503911	0.631702500523
0.299054503911	0.928026426935
0.299054503911	0.354273229692
0.299054503911	0.08304486145
0.299054503911	0.149342087531
0.299054503911	0.86359463717
0.299054503911	0.0237100058962
0.299054503911	0.109063975292
0.299054503911	0.206441195621
0.299054503911	0.606509689229
0.299054503911	0.661542674256
0.299054503911	0.051117715059
0.299054503911	0.168638735556
0.299054503911	0.0945433634219
0.299054503911	0.629606156811
0.299054503911	0.947790037729
0.299054503911	0.629086257756
0.299054503911	0.715774255842
0.299054503911	0.351919111384
0.299054503911	0.829007511475
0.299054503911	0.908876681021
0.299054503911	0.130218672635
0.299054503911	0.336899706032
0.333710850744	0.931590150621
0.333710850744	0.243049227798
0.333710850744	0.872016283095
0.333710850744	0.239854094768
0.333710850744	0.164090589504
0.333710850744	0.392277387351
0.333710850744	0.84154685508
0.333710850744	0.253475533781
0.333710850744	0.616234405853
0.333710850744	0.40904932626
0.333710850744	0.761351580539
0.333710850744	0.504268139058
0.333710850744	0.296551783717
0.333710850744	0.0174796772337
0.333710850744	0.936203733297
0.333710850744	0.306302744108
0.333710850744	0.24339822873
0.333710850744	0.0954101696322
0.333710850744	0.907880034857
0.333710850744	0.151830522173
0.333710850744	0.861482979877
0.333710850744	0.219361694584
0.333710850744	0.574740891156
0.333710850744	0.777668680182
0.333710850744	0.458623973374
0.0455040066843	0.932099412623
0.0455040066843	0.640437392269
0.0455040066843	0.374993865154
0.0455040066843	0.71180341494
0.0455040066843	0.342770209856
0.0455040066843	0.156034370214
0.0455040066843	0.783711698264
0.0455040066843	0.517844541851
0.0455040066843	0.24544354971
0.0455040066843	0.160783563137
0.0455040066843	0.890574665682
0.0455040066843	0.776843227539
0.0455040066843	0.18578181068
0.0455040066843	0.630103637203
0.0455040066843	0.855499408584
0.0455040066843	0.788027933934
0.0455040066843	0.364834715156
0.0455040066843	0.915096170117
0.0455040066843	0.129516298934
0.0455040066843	0.810935486484
0.0455040066843	0.131491734387
0.0455040066843	0.630211584212
0.0455040066843	0.728788003495
0.0455040066843	0.634715501943
0.0455040066843	0.26674414003
0.0870287033717	0.680632959297
0.0870287033717	0.628849923684
0.0870287033717	0.399634012275
0.0870287033717	0.28824591606
0.0870287033717	0.187941001911
0.0870287033717	0.524089779623
0.0870287033717	0.0377599113938
0.0870287033717	0.906029749819
0.0870287033717	0.71449619977
0.0870287033717	0.577998157432
0.0870287033717	0.926029209885
0.0870287033717	0.646963170348
0.0870287033717	0.753796150749
0.0870287033717	0.932209540893
0.0870287033717	0.0480685229598
0.0870287033717	0.39486380023
0.0870287033717	0.377153626967
0.0870287033717	0.245908450539
0.0870287033717	0.148035318392
0.0870287033717	0.775358950231
0.0870287033717	0.305598721136
0.0870287033717	0.612414134368
0.0870287033717	0.236522944771
0.0870287033717	0.127008707138
0.0870287033717	0.708580065542
0.245970781263	0.274776837162
0.245970781263	0.537276282923
0.245970781263	0.617158335468
0.245970781263	0.518684941337
0.245970781263	0.897285169563
0.245970781263	0.13672617891
0.245970781263	0.263565437942
0.245970781263	0.101829345994
0.245970781263	0.174604010933
0.245970781263	0.1106323386
0.245970781263	0.61329708973
0.245970781263	0.740344600255
0.245970781263	0.799048951068
0.245970781263	0.039171222899
0.245970781263	0.75013512894
0.245970781263	0.226318404356
0.245970781263	0.609601285096
0.245970781263	0.165233568528
0.245970781263	0.569216223887
0.245970781263	0.805580573136
0.245970781263	0.521895247934
0.245970781263	0.507612825319
0.245970781263	0.195364902441
0.245970781263	0.200488251695
0.245970781263	0.588668140957
0.483106770087	0.917827447873
0.483106770087	0.105748307766
0.483106770087	0.0645301887066
0.483106770087	0.645812958174
0.483106770087	0.423281703885
0.483106770087	0.620125533731
0.483106770087	0.817489513047
0.483106770087	0.132156345306
0.483106770087	0.310320574405
0.483106770087	0.782319740869
0.483106770087	0.909763300172
0.483106770087	0.474452244302
0.483106770087	0.27879179035
0.483106770087	0.390395703431
0.483106770087	0.744821702464
0.483106770087	0.558043009804
0.483106770087	0.0192041488438
0.483106770087	0.615097995322
0.483106770087	0.819609539616
0.483106770087	0.55092235557
0.483106770087	0.556840679801
0.483106770087	0.615673380839
0.483106770087	0.0167823359652
0.483106770087	0.809743258209
0.483106770087	0.78312391342
0.0945649763789	0.351923245151
0.0945649763789	0.593336739504
0.0945649763789	0.265251244462
0.0945649763789	0.246977472272
0.0945649763789	0.440417643016
0.0945649763789	0.594162548538
0.0945649763789	0.646981093647
0.0945649763789	0.772506047228
0.0945649763789	0.674196122761
0.0945649763789	0.679896233025
0.0945649763789	0.038558025783
0.0945649763789	0.774078671964
0.0945649763789	0.13215474112
0.0945649763789	0.308045707309
0.0945649763789	0.903418231164
0.0945649763789	0.395218635741
0.0945649763789	0.436057354775
0.0945649763789	0.943159375296
0.0945649763789	0.496337667586
0.0945649763789	0.558306934633
0.0945649763789	0.577593813616
0.0945649763789	0.323535054506
0.0945649763789	0.72244279704
0.0945649763789	0.66167985218
0.0945649763789	0.586108306276
0.332727159732	0.676863198372
0.332727159732	0.685357922559
0.332727159732	0.26313554265
0.332727159732	0.0324687279383
0.332727159732	0.316589576581
0.332727159732	0.8074716507
0.332727159732	0.0950016876964
0.332727159732	0.613877772553
0.332727159732	0.819336389461
0.332727159732	0.825669392342
0.332727159732	0.835983371535
0.332727159732	0.110887716734
0.332727159732	0.882066701361
0.332727159732	0.470812969808
0.332727159732	0.522134884224
0.332727159732	0.14143231916
0.332727159732	0.439984595107
0.332727159732	0.0753289469173
0.332727159732	0.416090325274
0.332727159732	0.584525310723
0.332727159732	0.263339010824
0.332727159732	0.682386350347
0.332727159732	0.763736265847
0.332727159732	0.0901263201341
0.332727159732	0.068874356149
0.327956043699	0.0602248394159
0.327956043699	0.407586437754
0.327956043699	0.179450571459
0.327956043699	0.0815684508877
0.327956043699	0.0967001113656
0.327956043699	0.0670491083275
0.327956043699	0.332177955333
0.327956043699	0.20995195716
0.327956043699	0.0581891612488
0.327956043699	0.723871657593
0.327956043699	0.438134630266
0.327956043699	0.858417743969
0.327956043699	0.417409643231
0.327956043699	0.624243932514
0.327956043699	0.315107489303
0.327956043699	0.829930765826
0.327956043699	0.124553255989
0.327956043699	0.410994287487
0.327956043699	0.0680828725277
0.327956043699	0.143181897661
0.327956043699	0.824575540035
0.327956043699	0.0970697714285
0.327956043699	0.195876280412
0.327956043699	0.26471497729
0.327956043699	0.274101938232
0.12656324367	0.212312280469
0.12656324367	0.59575979178
0.12656324367	0.5259156641
0.12656324367	0.904249547566
0.12656324367	0.321228251554
0.12656324367	0.758854469239
0.12656324367	0.806176991056
0.12656324367	0.897404160768
0.12656324367	0.104893354936
0.12656324367	0.214250047078
0.12656324367	0.643755007008
0.12656324367	0.540336175216
0.12656324367	0.476559610081
0.12656324367	0.190684113114
0.12656324367	0.819353627705
0.12656324367	0.625451926987
0.12656324367	0.589613130092
0.12656324367	0.498512134506
0.12656324367	0.705860053627
0.12656324367	0.348327542919
0.12656324367	0.560859387918
0.12656324367	0.748752917877
0.12656324367	0.45885134179
0.12656324367	0.699623373809
0.12656324367	0.0231758671712
0.333662135998	0.462759703137
0.333662135998	0.870644658733
0.333662135998	0.289996506788
0.333662135998	0.801267306077
0.333662135998	0.888121496876
0.333662135998	0.826869926184
0.333662135998	0.650800850969
0.333662135998	0.119975829587
0.333662135998	0.187363720449
0.333662135998	0.633403533948
0.333662135998	0.92048239768
0.333662135998	0.126160803689
0.333662135998	0.277643143159
0.333662135998	0.336742394933
0.333662135998	0.42293269093
0.333662135998	0.0579928261612
0.333662135998	0.415042387305
0.333662135998	0.0448003914734
0.333662135998	0.89194360201
0.333662135998	0.755457736625
0.333662135998	0.37484632689
0.333662135998	0.399838306981
0.333662135998	0.891071295828
0.333662135998	0.250633161046
0.333662135998	0.747762770147
0.0584877080202	0.457429530272
0.0584877080202	0.21165977043
0.0584877080202	0.610217838799
0.0584877080202	0.804835648036
0.0584877080202	0.704602412229
0.0584877080202	0.544414133187
0.0584877080202	0.630010658052
0.0584877080202	0.613342644205
0.0584877080202	0.116109781669
0.0584877080202	0.100126414512
0.0584877080202	0.492199954603
0.0584877080202	0.878936335338
0.0584877080202	0.755737999634
0.0584877080202	0.711473714553
0.0584877080202	0.828728531171
0.0584877080202	0.799676249099
0.0584877080202	0.839672162842
0.0584877080202	0.797281291018
0.0584877080202	0.847825162391
0.0584877080202	0.0155296517552
0.0584877080202	0.7224493052
0.0584877080202	0.58421654717
0.0584877080202	0.946211715797
0.0584877080202	0.284124689719
0.0584877080202	0.312974400729
0.101030621422	0.208745797644
0.101030621422	0.695590269127
0.101030621422	0.894357050005
0.101030621422	0.827964362166
0.101030621422	0.900524573226
0.101030621422	0.475273322367
0.101030621422	0.926641572315
0.101030621422	0.546049872299
0.101030621422	0.603921714784
0.101030621422	0.867285925197
0.101030621422	0.46336689559
0.101030621422	0.718816071745
0.101030621422	0.507546063411
0.101030621422	0.675681956528
0.101030621422	0.884430176354
0.101030621422	0.81375112154
0.101030621422	0.33271854397
0.101030621422	0.888495171012
0.101030621422	0.118876016388
0.101030621422	0.858367934268
0.101030621422	0.0559118103914
0.101030621422	0.825833072049
0.101030621422	0.829553632338
0.101030621422	0.41954016596
0.101030621422	0.791085949679
0.0388558428895	0.518007687425
0.0388558428895	0.259168634431
0.0388558428895	0.367775201366
0.0388558428895	0.577396521515
0.0388558428895	0.332864309645
0.0388558428895	0.0651268986631
0.0388558428895	0.889251758765
0.0388558428895	0.72141710704
0.0388558428895	0.251969901355
0.0388558428895	0.446613721267
0.0388558428895	0.811218680949
0.0388558428895	0.424594796289
0.0388558428895	0.492489964212
0.0388558428895	0.876419760129
0.0388558428895	0.519452480353
0.0388558428895	0.90893809381
0.0388558428895	0.34386754652
0.0388558428895	0.462365407825
0.0388558428895	0.895070333056
0.0388558428895	0.402045820985
0.0388558428895	0.0470035010381
0.0388558428895	0.902263482427
0.0388558428895	0.0955558721127
0.0388558428895	0.240294078135
0.0388558428895	0.477651922479
0.307514213468	0.497260960774
0.307514213468	0.432913057341
0.307514213468	0.92427120243
0.307514213468	0.238789200638
0.307514213468	0.176648459971
0.307514213468	0.698039862351
0.307514213468	0.349462599831
0.307514213468	0.0794419374633
0.307514213468	0.929597337136
0.307514213468	0.582979808526
0.307514213468	0.217434960861
0.307514213468	0.919832866964
0.307514213468	0.198178700004
0.307514213468	0.375233991017
0.307514213468	0.328404501011
0.307514213468	0.0614567230632
0.307514213468	0.75642679201
0.307514213468	0.728447630901
0.307514213468	0.849747472222
0.307514213468	0.356445262043
0.307514213468	0.442848993653
0.307514213468	0.677630125428
0.307514213468	0.731657020484
0.307514213468	0.852700022291
0.307514213468	0.779314467754
0.173531393783	0.268850966869
0.173531393783	0.876663111259
0.173531393783	0.84944065668
0.173531393783	0.0929263560761
0.173531393783	0.163713267279
0.173531393783	0.0526638094523
0.173531393783	0.396999538139
0.173531393783	0.845310484299
0.173531393783	0.0243585398495
0.173531393783	0.315381465005
0.173531393783	0.255474871482
0.173531393783	0.783460200908
0.173531393783	0.894552113922
0.173531393783	0.265603604541
0.173531393783	0.469258252985
0.173531393783	0.301371914757
0.173531393783	0.745692212417
0.173531393783	0.641702607015
0.173531393783	0.414763961579
0.173531393783	0.619485054882
0.173531393783	0.871169177013
0.173531393783	0.0591753950397
0.173531393783	0.291142817411
0.173531393783	0.356137949464
0.173531393783	0.332594328395
0.460280725048	0.887161524914
0.460280725048	0.143309321117
0.460280725048	0.0137172055799
0.460280725048	0.850376187034
0.460280725048	0.577472979782
0.460280725048	0.468010292907
0.460280725048	0.168887304325
0.460280725048	0.196262467526
0.460280725048	0.49860818545
0.460280725048	0.817169462861
0.460280725048	0.477604226539
0.460280725048	0.602673436501
0.460280725048	0.0893504517831
0.460280725048	0.771586573065
0.460280725048	0.366593355564
0.460280725048	0.258499295973
0.460280725048	0.931319617484
0.460280725048	0.178680338431
0.460280725048	0.657426496501
0.460280725048	0.0795298381471
0.460280725048	0.921100222643
0.460280725048	0.735374223711
0.460280725048	0.587712952154
0.460280725048	0.448300541888
0.460280725048	0.732976324522
0.0172277935647	0.732275771346
0.0172277935647	0.947550020342
0.0172277935647	0.438757822003
0.0172277935647	0.492926906678
0.0172277935647	0.531997425985
0.0172277935647	0.635281184287
0.0172277935647	0.397383105163
0.0172277935647	0.105149987611
0.0172277935647	0.270157906025
0.0172277935647	0.825779122201
0.0172277935647	0.286127660313
0.0172277935647	0.842441956966
0.0172277935647	0.58716394012
0.0172277935647	0.504619227622
0.0172277935647	0.62739002868
0.0172277935647	0.192404597915
0.0172277935647	0.239599318341
0.0172277935647	0.491315602257
0.0172277935647	0.407920894791
0.0172277935647	0.433825973344
0.0172277935647	0.639597837939
0.0172277935647	0.523982099632
0.0172277935647	0.724040259859
0.0172277935647	0.387857493644
0.0172277935647	0.176695128962
0.4866798727	0.2
0.4887047937	0.2
0.3157393535	0.2
0.4300511611	0.2
0.1700538174	0.2
0.310603087	0.2
0.2982850331	0.2
0.2990545039	0.2
0.3337108507	0.2
0.0455040067	0.2
0.0870287034	0.2
0.2459707813	0.2
0.4831067701	0.2
0.0945649764	0.2
0.3327271597	0.2
0.3279560437	0.2
0.1265632437	0.2
0.333662136	0.2
0.058487708	0.2
0.1010306214	0.2
0.0388558429	0.2
0.3075142135	0.2
0.1735313938	0.2
0.460280725	0.2
0.0172277936	0.2
0.2	0.2
0.2	0.568586985661
0.2	0.840823797195
0.2	0.342810606891
0.2	0.286260633097
0.2	0.537242634994
0.2	0.867122186825
0.2	0.237500674381
0.2	0.362351758099
0.2	0.832264816932
0.2	0.16403515073
0.2	0.809836283462
0.2	0.934353265327
0.2	0.582013964967
0.2	0.739864373431
0.2	0.236820146226
0.2	0.384197920424
0.2	0.308855980874
0.2	0.829725564804
0.2	0.925070542442
0.2	0.0158158983291
0.2	0.836275639298
0.2	0.0255789146816
0.2	0.234362205466
0.2	0.459919528887
0.2	0.337754605081
0.248689923413	0.207698339875
0.248689923413	0.485838694824
0.248689923413	0.555626495329
0.248689923413	0.705233871942
0.248689923413	0.0446605207388
0.248689923413	0.558275086965
0.248689923413	0.0958664311027
0.248689923413	0.461410421434
0.248689923413	0.483395890847
0.248689923413	0.400306040881
0.248689923413	0.241643798013
0.248689923413	0.17213753354
0.248689923413	0.575963783589
0.248689923413	0.853682235533
0.248689923413	0.354784453497
0.248689923413	0.369567312524
0.248689923413	0.425334445468
0.248689923413	0.556704626537
0.248689923413	0.443472383432
0.248689923413	0.876174129526
0.248689923413	0.539756370947
0.248689923413	0.537002143145
0.248689923413	0.939232166783
0.248689923413	0.571737263963
0.248689923413	0.0883988192524
0.30214290098	0.4860149229
0.30214290098	0.908968192773
0.30214290098	0.762918527574
0.30214290098	0.35212717551
0.30214290098	0.0990552260552
0.30214290098	0.610841185453
0.30214290098	0.400117865084
0.30214290098	0.800717959879
0.30214290098	0.170295570817
0.30214290098	0.666978468781
0.30214290098	0.027556420665
0.30214290098	0.675528836063
0.30214290098	0.182006586851
0.30214290098	0.225432906851
0.30214290098	0.356967252179
0.30214290098	0.337837432365
0.30214290098	0.518473515787
0.30214290098	0.345418834492
0.30214290098	0.691319523991
0.30214290098	0.54879151035
0.30214290098	0.529508903262
0.30214290098	0.480088094779
0.30214290098	0.907155589074
0.30214290098	0.82718295423
0.30214290098	0.75845889085
0.122913238131	0.766793823587
0.122913238131	0.905497425295
0.122913238131	0.411822410001
0.122913238131	0.630927705706
0.122913238131	0.683306023929
0.122913238131	0.275193103119
0.122913238131	0.206359243114
0.122913238131	0.237729339282
0.122913238131	0.757883993511
0.122913238131	0.828339697634
0.122913238131	0.325241279354
0.122913238131	0.0337749884178
0.122913238131	0.823608741043
0.122913238131	0.0780819312228
0.122913238131	0.0150207538447
0.122913238131	0.281986593834
0.122913238131	0.861873270074
0.122913238131	0.492308521658
0.122913238131	0.409609046434
0.122913238131	0.720714881322
0.122913238131	0.404566161388
0.122913238131	0.350586844109
0.122913238131	0.867591103488
0.122913238131	0.706827395245
0.122913238131	0.830149689356
0.10595546205	0.255806175162
0.10595546205	0.350632031255
0.10595546205	0.897488315027
0.10595546205	0.284698419149
0.10595546205	0.425830537035
0.10595546205	0.259980205647
0.10595546205	0.305380720418
0.10595546205	0.075181067006
0.10595546205	0.0294694378072
0.10595546205	0.75841476704
0.10595546205	0.426289232411
0.10595546205	0.141297012876
0.10595546205	0.768833185145
0.10595546205	0.0573617997163
0.10595546205	0.309454238764
0.10595546205	0.138040061971
0.10595546205	0.831648443468
0.10595546205	0.943156642301
0.10595546205	0.256446433753
0.10595546205	0.253812483261
0.10595546205	0.745647456808
0.10595546205	0.872167887832
0.10595546205	0.468693205536
0.10595546205	0.763667840306
0.10595546205	0.190439028282
0.0768653424602	0.209769282985
0.0768653424602	0.828707931993
0.0768653424602	0.692763769349
0.0768653424602	0.0687813727515
0.0768653424602	0.459302722887
0.0768653424602	0.684179540806
0.0768653424602	0.701641477917
0.0768653424602	0.707118169973
0.0768653424602	0.678768003569
0.0768653424602	0.812806932668
0.0768653424602	0.485207131033
0.0768653424602	0.655174260865
0.0768653424602	0.315700069683
0.0768653424602	0.353552768318
0.0768653424602	0.81134487981
0.0768653424602	0.682984059992
0.0768653424602	0.548360064339
0.0768653424602	0.535383712093
0.0768653424602	0.0816268649475
0.0768653424602	0.669858261697
0.0768653424602	0.366429206128
0.0768653424602	0.146569657278
0.0768653424602	0.102537940357
0.0768653424602	0.114446884283
0.0768653424602	0.349501159889
0.374355405486	0.737516361304
0.374355405486	0.553383050185
0.374355405486	0.896248273875
0.374355405486	0.0414131170728
0.374355405486	0.435401119906
0.374355405486	0.21453454075
0.374355405486	0.715218976108
0.374355405486	0.396887107386
0.374355405486	0.455499735586
0.374355405486	0.532339959905
0.374355405486	0.754267748875
0.374355405486	0.527668227723
0.374355405486	0.365566055708
0.374355405486	0.770608561444
0.374355405486	0.934151387631
0.374355405486	0.394369203473
0.374355405486	0.910494622557
0.374355405486	0.847321036911
0.374355405486	0.139785999524
0.374355405486	0.823859828701
0.374355405486	0.0119300051823
0.374355405486	0.608171627909
0.374355405486	0.270731180092
0.374355405486	0.147255246988
0.374355405486	0.910617220138
0.429293772428	0.826636749353
0.429293772428	0.704563247304
0.429293772428	0.333624979218
0.429293772428	0.453368823762
0.429293772428	0.316273171568
0.429293772428	0.777339801055
0.429293772428	0.245115105833
0.429293772428	0.923810535553
0.429293772428	0.698945959882
0.429293772428	0.556059203269
0.429293772428	0.174037677604
0.429293772428	0.309115880449
0.429293772428	0.0368912931544
0.429293772428	0.919851478839
0.429293772428	0.620750496948
0.429293772428	0.238473107913
0.429293772428	0.731028936615
0.429293772428	0.469803788534
0.429293772428	0.40702439287
0.429293772428	0.896088200734
0.429293772428	0.083222767705
0.429293772428	0.708635288039
0.429293772428	0.627057530866
0.429293772428	0.610879649329
0.429293772428	0.307831368003
0.31628868667	0.320269711085
0.31628868667	0.446388554635
0.31628868667	0.387751825014
0.31628868667	0.292178898903
0.31628868667	0.618975038556
0.31628868667	0.185921611993
0.31628868667	0.927159697781
0.31628868667	0.226418365228
0.31628868667	0.195964774596
0.31628868667	0.461991336219
0.31628868667	0.17071309413
0.31628868667	0.678433288334
0.31628868667	0.856225326041
0.31628868667	0.569991768142
0.31628868667	0.873681149912
0.31628868667	0.582668611249
0.31628868667	0.196482142784
0.31628868667	0.74582209236
0.31628868667	0.719534854538
0.31628868667	0.429292691853
0.31628868667	0.724484150643
0.31628868667	0.308389792524
0.31628868667	0.534396470303
0.31628868667	0.163618275783
0.31628868667	0.18862975292
0.229609888661	0.739259873964
0.229609888661	0.535945233081
0.229609888661	0.62590336173
0.229609888661	0.449255332385
0.229609888661	0.71103829326
0.229609888661	0.590799275999
0.229609888661	0.254735322051
0.229609888661	0.224870221184
0.229609888661	0.492632292342
0.229609888661	0.271229576228
0.229609888661	0.357042995474
0.229609888661	0.717235433708
0.229609888661	0.183006529961
0.229609888661	0.450854263679
0.229609888661	0.196867579633
0.229609888661	0.752363358571
0.229609888661	0.334463124292
0.229609888661	0.642050051681
0.229609888661	0.565843846721
0.229609888661	0.859777678307
0.229609888661	0.0463416811116
0.229609888661	0.106768424528
0.229609888661	0.112977507826
0.229609888661	0.589015111084
0.229609888661	0.583509603805
0.428624849453	0.55548129077
0.428624849453	0.0847409232803
0.428624849453	0.521946174874
0.428624849453	0.857636500618
0.428624849453	0.696231315075
0.428624849453	0.850174732811
0.428624849453	0.0407354465754
0.428624849453	0.571323880269
0.428624849453	0.364785442678
0.428624849453	0.612544306878
0.428624849453	0.730281821269
0.428624849453	0.731419967518
0.428624849453	0.887488986146
0.428624849453	0.0143091431846
0.428624849453	0.721060797264
0.428624849453	0.105899750954
0.428624849453	0.426740694176
0.428624849453	0.363527909982
0.428624849453	0.250243523178
0.428624849453	0.73666380511
0.428624849453	0.162545298298
0.428624849453	0.404774473482
0.428624849453	0.567080357095
0.428624849453	0.0177346288594
0.428624849453	0.6025218758
0.0713907340955	0.816514189816
0.0713907340955	0.869415413256
0.0713907340955	0.236286022461
0.0713907340955	0.547506993138
0.0713907340955	0.89925516377
0.0713907340955	0.375612504913
0.0713907340955	0.26671244919
0.0713907340955	0.693650760046
0.0713907340955	0.602631138482
0.0713907340955	0.325623869794
0.0713907340955	0.798412556921
0.0713907340955	0.323902897768
0.0713907340955	0.0117489035226
0.0713907340955	0.809764224982
0.0713907340955	0.940643231713
0.0713907340955	0.274796372657
0.0713907340955	0.699096324104
0.0713907340955	0.92923254023
0.0713907340955	0.598934564976
0.0713907340955	0.518257375304
0.0713907340955	0.0595555588949
0.0713907340955	0.308062605863
0.0713907340955	0.531990963146
0.0713907340955	0.655289776838
0.0713907340955	0.249000672136
0.468472720398	0.0164261163194
0.468472720398	0.677498149999
0.468472720398	0.573276060753
0.468472720398	0.936123942711
0.468472720398	0.150503067448
0.468472720398	0.782574344576
0.468472720398	0.0676569693778
0.468472720398	0.339157169227
0.468472720398	0.926729593353
0.468472720398	0.407814394216
0.468472720398	0.701402445751
0.468472720398	0.450410309527
0.468472720398	0.888399674219
0.468472720398	0.777888479742
0.468472720398	0.208996423
0.468472720398	0.514312882721
0.468472720398	0.346862137526
0.468472720398	0.64141356705
0.468472720398	0.653989568672
0.468472720398	0.47198895689
0.468472720398	0.573969716997
0.468472720398	0.759128752061
0.468472720398	0.138159681944
0.468472720398	0.311815316752
0.468472720398	0.220187787104
0.17136193554	0.176354050958
0.17136193554	0.636608732411
0.17136193554	0.751350099158
0.17136193554	0.106949177243
0.17136193554	0.934213467126
0.17136193554	0.0483105319679
0.17136193554	0.168917179232
0.17136193554	0.22840556932
0.17136193554	0.417094149056
0.17136193554	0.0972508689086
0.17136193554	0.767827206881
0.17136193554	0.489371105942
0.17136193554	0.788734359698
0.17136193554	0.801860575144
0.17136193554	0.710371894009
0.17136193554	0.752892028959
0.17136193554	0.381208273102
0.17136193554	0.209683929135
0.17136193554	0.428470901887
0.17136193554	0.0167786761199
0.17136193554	0.409420142714
0.17136193554	0.330429466299
0.17136193554	0.77790787383
0.17136193554	0.735343456067
0.17136193554	0.860981816609
0.225318420457	0.627670713037
0.225318420457	0.579532806996
0.225318420457	0.0988409859883
0.225318420457	0.413969769523
0.225318420457	0.870390126654
0.225318420457	0.235898905507
0.225318420457	0.0507613315164
0.225318420457	0.786265971253
0.225318420457	0.362071205932
0.225318420457	0.0467168956093
0.225318420457	0.241064770061
0.225318420457	0.92273337073
0.225318420457	0.153364552078
0.225318420457	0.746237559648
0.225318420457	0.247476658093
0.225318420457	0.0513384967988
0.225318420457	0.834585743732
0.225318420457	0.725704876191
0.225318420457	0.900024579318
0.225318420457	0.895584704641
0.225318420457	0.30626615314
0.225318420457	0.585552254924
0.225318420457	0.414289982074
0.225318420457	0.3835026783
0.225318420457	0.698052719798
0.462429396277	0.446422030563
0.462429396277	0.242417253897
0.462429396277	0.76445115219
0.462429396277	0.0584543617244
0.462429396277	0.515903188988
0.462429396277	0.510238388895
0.462429396277	0.55517877041
0.462429396277	0.187356632015
0.462429396277	0.392704134373
0.462429396277	0.249157057547
0.462429396277	0.345378303833
0.462429396277	0.65579794775
0.462429396277	0.350535887471
0.462429396277	0.357936863928
0.462429396277	0.220160256143
0.462429396277	0.466278051388
0.462429396277	0.403767528236
0.462429396277	0.375156548073
0.462429396277	0.737427026782
0.462429396277	0.85013425141
0.462429396277	0.798458449667
0.462429396277	0.476914024271
0.462429396277	0.87254096369
0.462429396277	0.136421953976
0.462429396277	0.646808628922
0.0781987962159	0.929446028576
0.0781987962159	0.623008941175
0.0781987962159	0.546956521735
0.0781987962159	0.355899038618
0.0781987962159	0.645320461063
0.0781987962159	0.537435649297
0.0781987962159	0.780598134518
0.0781987962159	0.0750895224372
0.0781987962159	0.128895657836
0.0781987962159	0.352794723429
0.0781987962159	0.42164556531
0.0781987962159	0.944193755522
0.0781987962159	0.299119987176
0.0781987962159	0.323148573062
0.0781987962159	0.612334701004
0.0781987962159	0.932146344824
0.0781987962159	0.428331531241
0.0781987962159	0.943211052719
0.0781987962159	0.459983140076
0.0781987962159	0.338333274991
0.0781987962159	0.631424551589
0.0781987962159	0.781965975416
0.0781987962159	0.810328914215
0.0781987962159	0.410493207508
0.0781987962159	0.701746588133
0.127671441509	0.928261463487
0.127671441509	0.590251493105
0.127671441509	0.15012043922
0.127671441509	0.532967898875
0.127671441509	0.0641381371339
0.127671441509	0.666480639509
0.127671441509	0.0460090743022
0.127671441509	0.611915924903
0.127671441509	0.285971468526
0.127671441509	0.2623192859
0.127671441509	0.935656876314
0.127671441509	0.700822744029
0.127671441509	0.686548848495
0.127671441509	0.358459555499
0.127671441509	0.726423053876
0.127671441509	0.729093193686
0.127671441509	0.680289524513
0.127671441509	0.780213947816
0.127671441509	0.323156713294
0.127671441509	0.826992797203
0.127671441509	0.914598122411
0.127671441509	0.533389962064
0.127671441509	0.433979680623
0.127671441509	0.492376461234
0.127671441509	0.808237889044
0.194936317395	0.519727678398
0.194936317395	0.695580559216
0.194936317395	0.0519185653157
0.194936317395	0.196341692351
0.194936317395	0.802035314952
0.194936317395	0.755679935368
0.194936317395	0.495596069078
0.194936317395	0.928868429418
0.194936317395	0.451207279879
0.194936317395	0.396562876019
0.194936317395	0.912661969595
0.194936317395	0.82961138417
0.194936317395	0.920082308954
0.194936317395	0.943171798879
0.194936317395	0.694628422687
0.194936317395	0.13573462479
0.194936317395	0.306420448762
0.194936317395	0.190407915876
0.194936317395	0.0193846737643
0.194936317395	0.35488749159
0.194936317395	0.438834136318
0.194936317395	0.201842825859
0.194936317395	0.516770697248
0.194936317395	0.776954883065
0.194936317395	0.836281941849
0.3304812167	0.257558102258
0.3304812167	0.859096173472
0.3304812167	0.540176036426
0.3304812167	0.12433293643
0.3304812167	0.467877418086
0.3304812167	0.208778340841
0.3304812167	0.148654973433
0.3304812167	0.109507307767
0.3304812167	0.933083253332
0.3304812167	0.824684549681
0.3304812167	0.281158306532
0.3304812167	0.743212323078
0.3304812167	0.948442142257
0.3304812167	0.524821012507
0.3304812167	0.636022144975
0.3304812167	0.606121618995
0.3304812167	0.73161189014
0.3304812167	0.166877635413
0.3304812167	0.18799337459
0.3304812167	0.607261573368
0.3304812167	0.618165334794
0.3304812167	0.882589523456
0.3304812167	0.368605278864
0.3304812167	0.787687815516
0.3304812167	0.189513688961
0.486914495588	0.905706290886
0.486914495588	0.74918129571
0.486914495588	0.67466018154
0.486914495588	0.583763185224
0.486914495588	0.630642710611
0.486914495588	0.480213995235
0.486914495588	0.230146430948
0.486914495588	0.59873148249
0.486914495588	0.8995846909
0.486914495588	0.0748290306579
0.486914495588	0.601695070983
0.486914495588	0.688135852071
0.486914495588	0.498801103546
0.486914495588	0.754787764308
0.486914495588	0.473701556227
0.486914495588	0.780326416304
0.486914495588	0.153727368709
0.486914495588	0.870705255092
0.486914495588	0.790161042009
0.486914495588	0.249145581003
0.486914495588	0.865524846915
0.486914495588	0.15166754694
0.486914495588	0.46815398555
0.486914495588	0.5741566154
0.486914495588	0.463063508685
0.018675361467	0.75626160236
0.018675361467	0.604376582371
0.018675361467	0.429448519434
0.018675361467	0.107259131679
0.018675361467	0.0531719792772
0.018675361467	0.531603413936
0.018675361467	0.505137564726
0.018675361467	0.146461518712
0.018675361467	0.704362761296
0.018675361467	0.312840378486
0.018675361467	0.5668547029
0.018675361467	0.612390062542
0.018675361467	0.548865500661
0.018675361467	0.49354215285
0.018675361467	0.772357755016
0.018675361467	0.539148514095
0.018675361467	0.0720309440771
0.018675361467	0.727022567143
0.018675361467	0.427938271654
0.018675361467	0.148536228713
0.018675361467	0.680075647026
0.018675361467	0.178490836022
0.018675361467	0.921927458482
0.018675361467	0.940702414006
0.018675361467	0.454781035252
0.241087819755	0.820454412302
0.241087819755	0.888818428448
0.241087819755	0.681127651981
0.241087819755	0.335641973943
0.241087819755	0.382559113552
0.241087819755	0.588995940275
0.241087819755	0.324050550058
0.241087819755	0.470133225212
0.241087819755	0.921759481909
0.241087819755	0.581221089048
0.241087819755	0.0637522340007
0.241087819755	0.816649035196
0.241087819755	0.1000283773
0.241087819755	0.697282524358
0.241087819755	0.037554116595
0.241087819755	0.154814943712
0.241087819755	0.726783930888
0.241087819755	0.022455904911
0.241087819755	0.674034617714
0.241087819755	0.522685725475
0.241087819755	0.391806321277
0.241087819755	0.130006638037
0.241087819755	0.22641881959
0.241087819755	0.904432699941
0.241087819755	0.0762993061258
0.1652578331	0.187732914439
0.1652578331	0.372261089704
0.1652578331	0.631868562554
0.1652578331	0.945680603761
0.1652578331	0.341469500792
0.1652578331	0.149825110151
0.1652578331	0.176578609512
0.1652578331	0.732671800521
0.1652578331	0.157042149633
0.1652578331	0.636560334466
0.1652578331	0.554668455963
0.1652578331	0.304221813477
0.1652578331	0.276431830749
0.1652578331	0.497665926403
0.1652578331	0.919561690935
0.1652578331	0.0848176053157
0.1652578331	0.323453331618
0.1652578331	0.207910072479
0.1652578331	0.163080171554
0.1652578331	0.53082017559
0.1652578331	0.598780284459
0.1652578331	0.22447309716
0.1652578331	0.251990821451
0.1652578331	0.934568518008
0.1652578331	0.818947742407
0.0981350793059	0.306837187608
0.0981350793059	0.934817449353
0.0981350793059	0.423608201617
0.0981350793059	0.704265305594
0.0981350793059	0.747481879488
0.0981350793059	0.750563223452
0.0981350793059	0.733661960289
0.0981350793059	0.261086483828
0.0981350793059	0.470200224946
0.0981350793059	0.299967231798
0.0981350793059	0.645618607755
0.0981350793059	0.670867147617
0.0981350793059	0.102639227969
0.0981350793059	0.649219605401
0.0981350793059	0.31304781284
0.0981350793059	0.809180010222
0.0981350793059	0.50865238839
0.0981350793059	0.693879131062
0.0981350793059	0.10448900783
0.0981350793059	0.826898470664
0.0981350793059	0.891689782365
0.0981350793059	0.905079611253
0.0981350793059	0.612645190122
0.0981350793059	0.266421783709
0.0981350793059	0.558174903249
0.0536257172228	0.121245485094
0.0536257172228	0.623846551436
0.0536257172228	0.81981244198
0.0536257172228	0.596669441904
0.0536257172228	0.620756361356
0.0536257172228	0.822262118016
0.0536257172228	0.57842529813
0.0536257172228	0.630824970088
0.0536257172228	0.791331190568
0.0536257172228	0.343806404155
0.0536257172228	0.912114682706
0.0536257172228	0.180821177418
0.0536257172228	0.203833242753
0.0536257172228	0.041488212116
0.0536257172228	0.571142508554
0.0536257172228	0.288812087013
0.0536257172228	0.556834139772
0.0536257172228	0.524958880811
0.0536257172228	0.625374500034
0.0536257172228	0.0625617723079
0.0536257172228	0.405691769331
0.0536257172228	0.271600799907
0.0536257172228	0.101853669718
0.0536257172228	0.944753753325
0.0536257172228	0.92243328777
0.2486899234	0.2
0.302142901	0.2
0.1229132381	0.2
0.1059554621	0.2
0.0768653425	0.2
0.3743554055	0.2
0.4292937724	0.2
0.3162886867	0.2
0.2296098887	0.2
0.4286248495	0.2
0.0713907341	0.2
0.4684727204	0.2
0.1713619355	0.2
0.2253184205	0.2
0.4624293963	0.2
0.0781987962	0.2
0.1276714415	0.2
0.1949363174	0.2
0.3304812167	0.2
0.4869144956	0.2
0.0186753615	0.2
0.2410878198	0.2
0.1652578331	0.2
0.0981350793	0.2
0.0536257172	0.2
0.2	0.2
0.2	0.6870511257
0.2	0.6050491401
0.2	0.2250462031
0.2	0.2473929489
0.2	0.5797045611
0.2	0.5613336178
0.2	0.8663688427
0.2	0.0825588195
0.2	0.3251834422
0.2	0.1500887319
0.2	0.8000877818
0.2	0.0320739783
0.2	0.912868124
0.2	0.4749139483
0.2	0.7332567939
0.2	0.7982742768
0.2	0.687762026
0.2	0.221468881
0.2	0.5186534798
0.2	0.439847378
0.2	0.5258271073
0.2	0.2502090137
0.2	0.3598537595
0.2	0.4125664848
0.2	0.2683176232
0.4170584501	0.9351164869
0.4170584501	0.369221003
0.4170584501	0.68448857
0.4170584501	0.1282614202
0.4170584501	0.2143374318
0.4170584501	0.5181181873
0.4170584501	0.4705131102
0.4170584501	0.835807218
0.4170584501	0.5583239331
0.4170584501	0.714090611
0.4170584501	0.3600843483
0.4170584501	0.2191318025
0.4170584501	0.1082024541
0.4170584501	0.1458333696
0.4170584501	0.3889278396
0.4170584501	0.7590555154
0.4170584501	0.2048113889
0.4170584501	0.273631116
0.4170584501	0.2123339573
0.4170584501	0.3809534202
0.4170584501	0.8221023232
0.4170584501	0.4455213196
0.4170584501	0.6573880975
0.4170584501	0.620200476
0.4170584501	0.6072995391
0.2107946813	0.362210898
0.2107946813	0.6702753586
0.2107946813	0.674113832
0.2107946813	0.2924872529
0.2107946813	0.933248077
0.2107946813	0.1981173494
0.2107946813	0.4135938086
0.2107946813	0.5210767689
0.2107946813	0.3153280864
0.2107946813	0.10600295
0.2107946813	0.1866228257
0.2107946813	0.6169551602
0.2107946813	0.7439687373
0.2107946813	0.7755521714
0.2107946813	0.8304092017
0.2107946813	0.1088312694
0.2107946813	0.3419186748
0.2107946813	0.7811023453
0.2107946813	0.4949829139
0.2107946813	0.3818767595
0.2107946813	0.199902137
0.2107946813	0.2698055918
0.2107946813	0.2202222444
0.2107946813	0.6544692015
0.2107946813	0.6808684622
0.3575861589	0.9093310889
0.3575861589	0.324554556
0.3575861589	0.832319594
0.3575861589	0.3781849403
0.3575861589	0.1627782361
0.3575861589	0.1028026855
0.3575861589	0.2306299927
0.3575861589	0.1979288594
0.3575861589	0.156377819
0.3575861589	0.86853344
0.3575861589	0.940096965
0.3575861589	0.1536930472
0.3575861589	0.8408201754
0.3575861589	0.2751049562
0.3575861589	0.1637672361
0.3575861589	0.2435104171
0.3575861589	0.8047988923
0.3575861589	0.4354404542
0.3575861589	0.2352120019
0.3575861589	0.458580737
0.3575861589	0.4081306029
0.3575861589	0.4327000174
0.3575861589	0.2844476021
0.3575861589	0.216515743
0.3575861589	0.3752330358
0.3758760553	0.5723728415
0.3758760553	0.5878068512
0.3758760553	0.4252689697
0.3758760553	0.0410326123
0.3758760553	0.5691377567
0.3758760553	0.4359043824
0.3758760553	0.201482706
0.3758760553	0.8343481645
0.3758760553	0.3079727099
0.3758760553	0.6711725128
0.3758760553	0.6553060107
0.3758760553	0.6043789449
0.3758760553	0.7269741739
0.3758760553	0.1441458361
0.3758760553	0.9071510911
0.3758760553	0.0738891963
0.3758760553	0.8262584078
0.3758760553	0.8307489258
0.3758760553	0.8082627793
0.3758760553	0.8142759209
0.3758760553	0.6937538393
0.3758760553	0.5250520537
0.3758760553	0.3440167923
0.3758760553	0.6729406668
0.3758760553	0.822718877
0.0230560377	0.1304095771
0.0230560377	0.8122989861
0.0230560377	0.041430671
0.0230560377	0.5089396649
0.0230560377	0.6975626502
0.0230560377	0.7008253298
0.0230560377	0.7068636806
0.0230560377	0.7002219334
0.0230560377	0.6875536006
0.0230560377	0.3340614946
0.0230560377	0.412856262
0.0230560377	0.2196386245
0.0230560377	0.4570394109
0.0230560377	0.8481288715
0.0230560377	0.842605715
0.0230560377	0.204079659
0.0230560377	0.3313986896
0.0230560377	0.1517352095
0.0230560377	0.2946600062
0.0230560377	0.5343894106
0.0230560377	0.2023910113
0.0230560377	0.1114360213
0.0230560377	0.0383506116
0.0230560377	0.1271232546
0.0230560377	0.2126385801
0.1799287515	0.0886315569
0.1799287515	0.8910178936
0.1799287515	0.2989041481
0.1799287515	0.5409988859
0.1799287515	0.5521819994
0.1799287515	0.3280516573
0.1799287515	0.7527083233
0.1799287515	0.7080404357
0.1799287515	0.6112985897
0.1799287515	0.0604969357
0.1799287515	0.5378792693
0.1799287515	0.7034362702
0.1799287515	0.308987453
0.1799287515	0.7113142443
0.1799287515	0.4487415485
0.1799287515	0.4169956713
0.1799287515	0.8089190592
0.1799287515	0.9233307375
0.1799287515	0.2229654324
0.1799287515	0.619276966
0.1799287515	0.4682751506
0.1799287515	0.0469091285
0.1799287515	0.9393949396
0.1799287515	0.0212899536
0.1799287515	0.8666282494
0.1314197617	0.8468763447
0.1314197617	0.7232255856
0.1314197617	0.6242016696
0.1314197617	0.4741444216
0.1314197617	0.917499814
0.1314197617	0.5095792835
0.1314197617	0.3377956546
0.1314197617	0.6342297596
0.1314197617	0.0612145457
0.1314197617	0.5788385672
0.1314197617	0.3715960203
0.1314197617	0.9484963003
0.1314197617	0.3788222542
0.1314197617	0.2666396052
0.1314197617	0.0855229263
0.1314197617	0.88453598
0.1314197617	0.7637726298
0.1314197617	0.8957328596
0.1314197617	0.1041470614
0.1314197617	0.6113426859
0.1314197617	0.8621388087
0.1314197617	0.0793244642
0.1314197617	0.6334446197
0.1314197617	0.5976894331
0.1314197617	0.4295368561
0.4534621829	0.7109947503
0.4534621829	0.8570655892
0.4534621829	0.1135907966
0.4534621829	0.8373838109
0.4534621829	0.5942764766
0.4534621829	0.1589242048
0.4534621829	0.5841988928
0.4534621829	0.0984119177
0.4534621829	0.4475635927
0.4534621829	0.6823628819
0.4534621829	0.346795835
0.4534621829	0.0217879624
0.4534621829	0.1086560784
0.4534621829	0.8478073619
0.4534621829	0.0827103013
0.4534621829	0.1854928314
0.4534621829	0.5113314236
0.4534621829	0.7880048401
0.4534621829	0.6306754888
0.4534621829	0.1266616218
0.4534621829	0.277799488
0.4534621829	0.6037419165
0.4534621829	0.5046714479
0.4534621829	0.3015376527
0.4534621829	0.5149053112
0.2953949994	0.131572003
0.2953949994	0.7175223231
0.2953949994	0.753721633
0.2953949994	0.2789982316
0.2953949994	0.8478663219
0.2953949994	0.2389516284
0.2953949994	0.531183081
0.2953949994	0.7569510204
0.2953949994	0.2529141027
0.2953949994	0.586803682
0.2953949994	0.0542425882
0.2953949994	0.0769280504
0.2953949994	0.1738627156
0.2953949994	0.7136107358
0.2953949994	0.1659988787
0.2953949994	0.1586910975
0.2953949994	0.5900783138
0.2953949994	0.1117473056
0.2953949994	0.5383265753
0.2953949994	0.4560539275
0.2953949994	0.8567725219
0.2953949994	0.3935528896
0.2953949994	0.1786963252
0.2953949994	0.3178737388
0.2953949994	0.1830272389
0.4302072331	0.8600629356
0.4302072331	0.3162785161
0.4302072331	0.1126714665
0.4302072331	0.6448341297
0.4302072331	0.7832080655
0.4302072331	0.7065074603
0.4302072331	0.4704915765
0.4302072331	0.3967757889
0.4302072331	0.7865689422
0.4302072331	0.5220534264
0.4302072331	0.865992411
0.4302072331	0.7445512825
0.4302072331	0.5027675208
0.4302072331	0.6203977944
0.4302072331	0.3964228581
0.4302072331	0.0188227044
0.4302072331	0.4165511753
0.4302072331	0.9130249473
0.4302072331	0.8303571743
0.4302072331	0.2035428695
0.4302072331	0.9452493128
0.4302072331	0.1408844053
0.4302072331	0.5467638028
0.4302072331	0.409458731
0.4302072331	0.5356479619
0.084536664	0.4017841782
0.084536664	0.6136545894
0.084536664	0.1440293534
0.084536664	0.5476762345
0.084536664	0.2517962333
0.084536664	0.2385390419
0.084536664	0.2966627077
0.084536664	0.0493283486
0.084536664	0.5465526783
0.084536664	0.8705905079
0.084536664	0.3507704592
0.084536664	0.8379769074
0.084536664	0.5852952326
0.084536664	0.6232884923
0.084536664	0.7943121573
0.084536664	0.2259620714
0.084536664	0.9404486488
0.084536664	0.5649801512
0.084536664	0.6342236458
0.084536664	0.7483342925
0.084536664	0.624977961
0.084536664	0.0327943936
0.084536664	0.9407359351
0.084536664	0.0318653348
0.084536664	0.7104433197
0.303708456	0.8245835496
0.303708456	0.8631873922
0.303708456	0.0311371903
0.303708456	0.4827470357
0.303708456	0.4799289715
0.303708456	0.4967884385
0.303708456	0.2397557341
0.303708456	0.6293384412
0.303708456	0.6247485034
0.303708456	0.011082904
0.303708456	0.6699050838
0.303708456	0.4328701069
0.303708456	0.6688729126
0.303708456	0.3012144343
0.303708456	0.4130423177
0.303708456	0.7628771312
0.303708456	0.90175135
0.303708456	0.5139196001
0.303708456	0.7890092369
0.303708456	0.3247923264
0.303708456	0.2142168378
0.303708456	0.1760778184
0.303708456	0.8019697088
0.303708456	0.3208664299
0.303708456	0.1811915983
0.040928522	0.5112288762
0.040928522	0.2335811848
0.040928522	0.4304407744
0.040928522	0.6029580661
0.040928522	0.8871173493
0.040928522	0.6305493587
0.040928522	0.2162086935
0.040928522	0.7850550952
0.040928522	0.16135492
0.040928522	0.7155934438
0.040928522	0.5622922295
0.040928522	0.7948959249
0.040928522	0.7048233114
0.040928522	0.6358178331
0.040928522	0.6133578919
0.040928522	0.4025376793
0.040928522	0.5558430196
0.040928522	0.7508075276
0.040928522	0.9428845984
0.040928522	0.4920396755
0.040928522	0.7340046289
0.040928522	0.5217140896
0.040928522	0.8324250212
0.040928522	0.5665083158
0.040928522	0.3318686316
0.2885632999	0.3651772424
0.2885632999	0.3178197602
0.2885632999	0.3843864856
0.2885632999	0.8699226562
0.2885632999	0.5774942613
0.2885632999	0.7118142612
0.2885632999	0.7549966152
0.2885632999	0.0799389695
0.2885632999	0.8052881623
0.2885632999	0.151065276
0.2885632999	0.0470740267
0.2885632999	0.0701358577
0.2885632999	0.0216578222
0.2885632999	0.7081803081
0.2885632999	0.2593022279
0.2885632999	0.6636420279
0.2885632999	0.4985211082
0.2885632999	0.5834785676
0.2885632999	0.8019316454
0.2885632999	0.4373272709
0.2885632999	0.5800359249
0.2885632999	0.8754422971
0.2885632999	0.1351303101
0.2885632999	0.200364016
0.2885632999	0.0894573956
0.2928602405	0.2064249696
0.2928602405	0.3915944487
0.2928602405	0.8460750322
0.2928602405	0.8759701711
0.2928602405	0.7506854611
0.2928602405	0.2994999452
0.2928602405	0.84475987
0.2928602405	0.7985137914
0.2928602405	0.3796193752
0.2928602405	0.8145708768
0.2928602405	0.4703702732
0.2928602405	0.620817085
0.2928602405	0.5644244917
0.2928602405	0.3616065218
0.2928602405	0.2437742382
0.2928602405	0.8674324943
0.2928602405	0.503897865
0.2928602405	0.8872946518
0.2928602405	0.826329888
0.2928602405	0.8297114174
0.2928602405	0.2603641351
0.2928602405	0.796750636
0.2928602405	0.8173457069
0.2928602405	0.2977144613
0.2928602405	0.1456621073
0.497721423	0.8030703945
0.497721423	0.1364463524
0.497721423	0.7465666303
0.497721423	0.394584542
0.497721423	0.0108688571
0.497721423	0.7356457902
0.497721423	0.8266397398
0.497721423	0.5567350839
0.497721423	0.4529280731
0.497721423	0.6711075669
0.497721423	0.6791287795
0.497721423	0.2666478916
0.497721423	0.5034232686
0.497721423	0.8094103687
0.497721423	0.2123764026
0.497721423	0.1877188328
0.497721423	0.2378889693
0.497721423	0.6026951017
0.497721423	0.1801783742
0.497721423	0.5478287686
0.497721423	0.8528394306
0.497721423	0.618404772
0.497721423	0.4123290034
0.497721423	0.2226609986
0.497721423	0.0555943641
0.2935240269	0.0265905373
0.2935240269	0.8495042871
0.2935240269	0.5829010337
0.2935240269	0.7181789336
0.2935240269	0.1049307949
0.2935240269	0.3008077944
0.2935240269	0.6711540055
0.2935240269	0.8000378501
0.2935240269	0.1904847196
0.2935240269	0.478934321
0.2935240269	0.8615305251
0.2935240269	0.8730120187
0.2935240269	0.094672001
0.2935240269	0.8235836138
0.2935240269	0.4079886709
0.2935240269	0.3541826121
0.2935240269	0.631444155
0.2935240269	0.5978841521
0.2935240269	0.1685121096
0.2935240269	0.2484677014
0.2935240269	0.7380185243
0.2935240269	0.3928025921
0.2935240269	0.8332824797
0.2935240269	0.3385763837
0.2935240269	0.9019178457
0.2482222544	0.7725568751
0.2482222544	0.4387203803
0.2482222544	0.4412488078
0.2482222544	0.6196085217
0.2482222544	0.9368911416
0.2482222544	0.503790895
0.2482222544	0.7400060883
0.2482222544	0.3948352215
0.2482222544	0.05456677
0.2482222544	0.090254674
0.2482222544	0.0363046845
0.2482222544	0.4210495546
0.2482222544	0.8464968197
0.2482222544	0.4430282433
0.2482222544	0.2364446156
0.2482222544	0.3822802239
0.2482222544	0.9077439027
0.2482222544	0.1995297143
0.2482222544	0.6068336947
0.2482222544	0.353764421
0.2482222544	0.1779663083
0.2482222544	0.3086451153
0.2482222544	0.1405679061
0.2482222544	0.1136809909
0.2482222544	0.8443322379
0.286666601	0.1454918262
0.286666601	0.5280449762
0.286666601	0.0974556248
0.286666601	0.7140575785
0.286666601	0.1078276918
0.286666601	0.9119713687
0.286666601	0.5264122633
0.286666601	0.2208164297
0.286666601	0.6814745627
0.286666601	0.914316825
0.286666601	0.5467996522
0.286666601	0.8302554716
0.286666601	0.9063755926
0.286666601	0.2964149126
0.286666601	0.6886351942
0.286666601	0.1938845702
0.286666601	0.9104813285
0.286666601	0.2533924994
0.286666601	0.7938815785
0.286666601	0.3971246752
0.286666601	0.8799161486
0.286666601	0.0654205297
0.286666601	0.8028536908
0.286666601	0.2456501215
0.286666601	0.6454891349
0.2877686545	0.7816091352
0.2877686545	0.588881342
0.2877686545	0.2832008701
0.2877686545	0.4081061591
0.2877686545	0.155639031
0.2877686545	0.7728418987
0.2877686545	0.141355504
0.2877686545	0.9428013314
0.2877686545	0.7130911345
0.2877686545	0.8071957065
0.2877686545	0.6541658345
0.2877686545	0.5644701859
0.2877686545	0.6304160553
0.2877686545	0.9004764919
0.2877686545	0.1463983332
0.2877686545	0.647814562
0.2877686545	0.9323228988
0.2877686545	0.9466108249
0.2877686545	0.2926954457
0.2877686545	0.7334112064
0.2877686545	0.4814766545
0.2877686545	0.9189533819
0.2877686545	0.4808415182
0.2877686545	0.5738537427
0.2877686545	0.7852846138
0.2803815874	0.2409095741
0.2803815874	0.4347381598
0.2803815874	0.8972485056
0.2803815874	0.5740029142
0.2803815874	0.5898488787
0.2803815874	0.03199412
0.2803815874	0.5111630091
0.2803815874	0.4553666673
0.2803815874	0.250500256
0.2803815874	0.7177847243
0.2803815874	0.0317650006
0.2803815874	0.1207510072
0.2803815874	0.0800437556
0.2803815874	0.6411102585
0.2803815874	0.5364539538
0.2803815874	0.7240744937
0.2803815874	0.2733068159
0.2803815874	0.5914259235
0.2803815874	0.4001819907
0.2803815874	0.7134514912
0.2803815874	0.6360967331
0.2803815874	0.6127603098
0.2803815874	0.58794841
0.2803815874	0.3853597128
0.2803815874	0.2604382383
0.0482648795	0.5932057259
0.0482648795	0.9259696196
0.0482648795	0.7441290923
0.0482648795	0.5828639514
0.0482648795	0.4516812031
0.0482648795	0.547542763
0.0482648795	0.1336841835
0.0482648795	0.5290273475
0.0482648795	0.1540393247
0.0482648795	0.8181646224
0.0482648795	0.8976515279
0.0482648795	0.9405960711
0.0482648795	0.4402318566
0.0482648795	0.3045124667
0.0482648795	0.4708930963
0.0482648795	0.2188362692
0.0482648795	0.7199598041
0.0482648795	0.7766614236
0.0482648795	0.1115810139
0.0482648795	0.363758381
0.0482648795	0.1508163476
0.0482648795	0.0157884646
0.0482648795	0.591485212
0.0482648795	0.1000775892
0.0482648795	0.0305676819
0.078455945	0.8738493065
0.078455945	0.6215858698
0.078455945	0.2344289934
0.078455945	0.8432356741
0.078455945	0.6652391384
0.078455945	0.4439071833
0.078455945	0.3881375165
0.078455945	0.5070564397
0.078455945	0.8896302215
0.078455945	0.8087384314
0.078455945	0.3347995807
0.078455945	0.1357303022
0.078455945	0.8132016943
0.078455945	0.1608407526
0.078455945	0.0681783319
0.078455945	0.3658213206
0.078455945	0.5646076654
0.078455945	0.6575052317
0.078455945	0.5277323102
0.078455945	0.0880542688
0.078455945	0.7537635836
0.078455945	0.399981865
0.078455945	0.9182815628
0.078455945	0.2909787167
0.078455945	0.0395858627
0.4939880484	0.6766615402
0.4939880484	0.091672957
0.4939880484	0.1968236071
0.4939880484	0.6070193504
0.4939880484	0.8046062027
0.4939880484	0.2708955602
0.4939880484	0.9067764782
0.4939880484	0.1069357805
0.4939880484	0.4273530236
0.4939880484	0.3619167661
0.4939880484	0.5394861186
0.4939880484	0.0880052945
0.4939880484	0.1611225037
0.4939880484	0.8107584864
0.4939880484	0.5731512773
0.4939880484	0.0891770317
0.4939880484	0.7961547936
0.4939880484	0.3415163133
0.4939880484	0.139483787
0.4939880484	0.2594884346
0.4939880484	0.4191866417
0.4939880484	0.2365447511
0.4939880484	0.4733171862
0.4939880484	0.0329335101
0.4939880484	0.8342606535
0.3552749709	0.7819662451
0.3552749709	0.0234892105
0.3552749709	0.01916761
0.3552749709	0.9416273554
0.3552749709	0.6241645867
0.3552749709	0.2290191558
0.3552749709	0.6521202986
0.3552749709	0.2280343981
0.3552749709	0.5978725359
0.3552749709	0.1108376923
0.3552749709	0.29057342
0.3552749709	0.4484821285
0.3552749709	0.5502776493
0.3552749709	0.9436524876
0.3552749709	0.1258559669
0.3552749709	0.745855871
0.3552749709	0.8594352122
0.3552749709	0.1474328657
0.3552749709	0.3816621602
0.3552749709	0.7977647823
0.3552749709	0.7199169875
0.3552749709	0.4236602951
0.3552749709	0.837155286
0.3552749709	0.3898948789
0.3552749709	0.8692629192
0.4170584501	0.2
0.2107946813	0.2
0.3575861589	0.2
0.3758760553	0.2
0.0230560377	0.2
0.1799287515	0.2
0.1314197617	0.2
0.4534621829	0.2
0.2953949994	0.2
0.4302072331	0.2
0.084536664	0.2
0.303708456	0.2
0.040928522	0.2
0.2885632999	0.2
0.2928602405	0.2
0.497721423	0.2
0.2935240269	0.2
0.2482222544	0.2
0.286666601	0.2
0.2877686545	0.2
0.2803815874	0.2
0.0482648795	0.2
0.078455945	0.2
0.4939880484	0.2
0.3552749709	0.2
