3.95 
3.96601335775 
3.96165155001 
3.94143862782 
3.94262728452 
3.9603034341 
3.95932625626 
3.97555153419 
3.93385951168 
3.94676507671 
3.93745152829 
3.97202594584 
3.93117414778 
3.97802490021 
3.95472946534 
3.96847110606 
3.97192948281 
3.96605117159 
3.94124834474 
3.95705603616 
3.95286422224 
3.95743761209 
3.9427770752 
3.94860924253 
3.95141311089 
3.94374029911 
3.97153657654 
3.97920832377 
3.94910750016 
3.9658770516 
3.93629050107 
3.94086901233 
3.95702756316 
3.9544953782 
3.97392591585 
3.95916616665 
3.96745162825 
3.94862150789 
3.94112403205 
3.93522353479 
3.93722517924 
3.95015573615 
3.96984337848 
3.94036230792 
3.9440229317 
3.94076244454 
3.94973156491 
3.97319693209 
3.95316602764 
3.9644355371 
3.96245747213 
