12 
11.1678621368 
10.8787903958 
11.5541831312 
12.9867433082 
12.3930759212 
12.4587525583 
11.7671019989 
10.1320536695 
12.3793096031 
11.812359074 
10.8148200256 
13.5078645299 
11.2679689783 
12.8135000543 
12.7459830243 
12.5292721059 
13.0509539314 
10.5708333452 
13.8176642176 
10.2718689206 
13.4734400331 
13.4925486206 
13.3968628907 
13.4224507273 
12.9095908056 
12.191710867 
11.4213480523 
12.821024114 
13.4583782 
10.1065798993 
10.5123811791 
13.4140382385 
10.1337475362 
12.1231475103 
12.9257985114 
12.9396822544 
12.9653773641 
12.9371146103 
12.8832068112 
11.3789850835 
11.7142819658 
10.8920792531 
11.9022953656 
13.5665058363 
13.5430030427 
10.8258708893 
11.3676539984 
10.6031285511 
11.2113191752 
12.2314443002 
