0.2 
0.170467128863 
0.1607910661 
0.153016022509 
0.162459920704 
0.171557295759 
0.184679337038 
0.15836505925 
0.243725307827 
0.180734483836 
0.206489243182 
0.207678936102 
0.183835282691 
0.229011523757 
0.22425962082 
0.213967935072 
0.155372014435 
0.206157369078 
0.223769815983 
0.181807175848 
0.224607898328 
0.196674632821 
0.193297411841 
0.23499138928 
0.247162844413 
0.172655897067 
0.21481669851 
0.198752675594 
0.153926503031 
0.248871802081 
0.151201058894 
0.241130664829 
0.174779543211 
0.239029398375 
0.225875062299 
0.215340603145 
0.199377066123 
0.246542533409 
0.203146732282 
0.184871878146 
0.216407421231 
0.15544835592 
0.210514741194 
0.188467661736 
0.249840031942 
0.189236410017 
0.177302085657 
0.158034353857 
0.243035742556 
0.23018857764 
0.24422689996 
