0.2 
0.222026715502 
0.213303100012 
0.172877255649 
0.175254569034 
0.210606868204 
0.208652512529 
0.241103068373 
0.157719023351 
0.183530153425 
0.164903056581 
0.234051891677 
0.152348295566 
0.246049800423 
0.199458930672 
0.226942212121 
0.233858965612 
0.222102343188 
0.172496689471 
0.204112072322 
0.195728444473 
0.204875224179 
0.175554150394 
0.187218485055 
0.192826221783 
0.177480598211 
0.233073153073 
0.248416647544 
0.18821500032 
0.221754103195 
0.162581002149 
0.171738024659 
0.204055126312 
0.198990756404 
0.237851831707 
0.208332333308 
0.22490325649 
0.187243015772 
0.172248064092 
0.160447069586 
0.164450358472 
0.190311472294 
0.229686756958 
0.170724615841 
0.178045863403 
0.171524889071 
0.189463129811 
0.236393864172 
0.196332055277 
0.2188710742 
0.214914944256 
