0.2 
0.213542504165 
0.190978506397 
0.187469244465 
0.220242059428 
0.220650407663 
0.180051835419 
0.248217880533 
0.17001248398 
0.192935511552 
0.204369869035 
0.182481711318 
0.160213079788 
0.168789662306 
0.214569697889 
0.228081780568 
0.231441720356 
0.237277574644 
0.160513964828 
0.185310497315 
0.232032164398 
0.201593927013 
0.189561357393 
0.170202355001 
0.177638892745 
0.172364068554 
0.218560553347 
0.221368985342 
0.220935950794 
0.245673520092 
0.183463250642 
0.237480807875 
0.189168610671 
0.166253003842 
0.159872626113 
0.173471275824 
0.169992431852 
0.165572108408 
0.241333344676 
0.248946485633 
0.165286494383 
0.238385125039 
0.17820265491 
0.166358216602 
0.174841533733 
0.234553073649 
0.195259622792 
0.173958723608 
0.197721354999 
0.19235431946 
0.194968086956 
