3.95 
4.44053431004 
4.26606200023 
3.45754511299 
3.50509138069 
4.21213736408 
4.17305025057 
4.82206136747 
3.15438046702 
3.67060306851 
3.29806113162 
4.68103783354 
3.04696591133 
4.92099600847 
3.98917861343 
4.53884424243 
4.67717931224 
4.44204686376 
3.44993378941 
4.08224144644 
3.91456888945 
4.09750448358 
3.51108300788 
3.7443697011 
3.85652443567 
3.54961196421 
4.66146306147 
4.96833295089 
3.7643000064 
4.4350820639 
3.25162004297 
3.43476049318 
4.08110252624 
3.97981512808 
4.75703663414 
4.16664666616 
4.4980651298 
3.74486031543 
3.44496128184 
3.20894139172 
3.28900716944 
3.80622944588 
4.59373513915 
3.41449231681 
3.56091726807 
3.43049778143 
3.78926259622 
4.72787728345 
3.92664110555 
4.37742148401 
4.29829888512 
