0.200000000000000	0.200000000000000	-12.721364318478383
0.316080146506000	0.200000000000000	-53.612597647858742
0.316080146506000	0.276606200023000	-15.107096153060777
0.200000000000000	0.276606200023000	-5.263016728164888
0.168631766948000	0.200000000000000	-18.199599587077248
0.168631766948000	0.200509138069000	-24.379707967769956
0.200000000000000	0.200509138069000	-7.935197872575803
0.281820604612000	0.200000000000000	-19.658591653644759
0.281820604612000	0.267305025057000	-8.207279793476429
0.200000000000000	0.267305025057000	-5.619712381028428
0.373309205120000	0.200000000000000	-106.623283099933090
0.373309205120000	0.165438046702000	-147.614991481302638
0.200000000000000	0.165438046702000	-15.622426412388847
0.200590460276000	0.200000000000000	-7.467580285746463
0.200590460276000	0.179806113162000	-14.000160693652980
0.200000000000000	0.179806113162000	-7.865887895366917
0.352155675031000	0.200000000000000	-78.326674922605378
0.352155675031000	0.154696591133000	-132.143943438120800
0.200000000000000	0.154696591133000	-16.875619048588366
0.388149401270000	0.200000000000000	-124.171535770137510
0.388149401270000	0.248917861343000	-93.663018862581367
0.200000000000000	0.248917861343000	-6.281669281801076
0.330826636364000	0.200000000000000	-57.541279382237533
0.330826636364000	0.317717931224000	-15.997028276956961
0.200000000000000	0.317717931224000	-7.990387766150816
0.316307029563000	0.200000000000000	-44.377297001278997
0.316307029563000	0.194993378941000	-45.421565520851175
0.200000000000000	0.194993378941000	-13.025593571823505
0.262336216966000	0.200000000000000	-14.578570449299036
0.262336216966000	0.241456888945000	-8.834567908020398
0.200000000000000	0.241456888945000	-5.738678761287670
0.264625672537000	0.200000000000000	-15.406319828969616
0.264625672537000	0.201108300788000	-15.254572022812050
0.200000000000000	0.201108300788000	-10.355439581700638
0.211655455165000	0.200000000000000	-7.284908194431457
0.211655455165000	0.235652443567000	-6.559616493754730
0.200000000000000	0.235652443567000	-4.720490203689446
0.182441794632000	0.200000000000000	-15.460340884100725
0.182441794632000	0.316146306147000	-20.108897567146517
0.200000000000000	0.316146306147000	-8.108020069535071
0.395249942633000	0.200000000000000	-128.868938530570574
0.395249942633000	0.226430000640000	-117.671828876538740
0.200000000000000	0.226430000640000	-6.643226478040917
0.315262309586000	0.200000000000000	-41.950466706004789
0.315262309586000	0.175162004297000	-53.066194530650279
0.200000000000000	0.175162004297000	-13.879200008554589
0.165214073977000	0.200000000000000	-19.995079301750103
0.165214073977000	0.258110252624000	-23.062676489879358
0.200000000000000	0.258110252624000	-4.446141456939048
0.246972269212000	0.200000000000000	-22.261021396869332
0.246972269212000	0.325703663414000	-3.893788399071516
0.200000000000000	0.325703663414000	-9.050675398868941
0.274996999924000	0.200000000000000	-15.139388013974186
0.274996999924000	0.299806512980000	-7.047696052921608
0.200000000000000	0.299806512980000	-6.593373395945705
0.211729047315000	0.200000000000000	-7.155210511927849
0.211729047315000	0.194496128184000	-10.721049537158121
0.200000000000000	0.194496128184000	-11.565088972085467
0.131341208757000	0.200000000000000	-11.833874198598645
0.131341208757000	0.178900716944000	-21.678800012330239
0.200000000000000	0.178900716944000	-15.116604629788224
0.220934416882000	0.200000000000000	-12.520946462328254
0.220934416882000	0.309373513915000	-9.719559703184521
0.200000000000000	0.309373513915000	-6.746591760670563
0.162173847522000	0.200000000000000	-9.835697164051631
0.162173847522000	0.206091726807000	-13.791307928162347
0.200000000000000	0.206091726807000	-6.714212215644555
0.164574667214000	0.200000000000000	-17.725645278644247
0.164574667214000	0.228926259622000	-19.311100597554532
0.200000000000000	0.228926259622000	-6.135882529921487
0.359181592517000	0.200000000000000	-102.198246369770729
0.359181592517000	0.242664110555000	-62.768823962379500
0.200000000000000	0.242664110555000	-4.703721645382282
0.306613222601000	0.200000000000000	-40.403607395001082
0.306613222601000	0.279829888512000	-8.469288922968959
0.200000000000000	0.279829888512000	-6.899000320129002
0.290627512494000	0.200000000000000	-19.558641521076940
0.290627512494000	0.231957012794000	-14.635416911751966
0.200000000000000	0.231957012794000	-6.489976293234102
0.212407733395000	0.200000000000000	-7.635652801140900
0.212407733395000	0.290484118856000	-13.268720668428301
0.200000000000000	0.290484118856000	-5.365975607185371
0.311951222990000	0.200000000000000	-38.659937181792820
0.311951222990000	0.210103670837000	-37.409428228730363
0.200000000000000	0.210103670837000	-4.287655465736814
0.394653641598000	0.200000000000000	-129.887015655124259
0.394653641598000	0.190024967959000	-139.026079565908503
0.200000000000000	0.190024967959000	-10.461683003162612
0.228806534657000	0.200000000000000	-15.028963213976356
0.228806534657000	0.258739738071000	-5.001354382420656
0.200000000000000	0.258739738071000	-5.501735449917881
0.197445133955000	0.200000000000000	-11.141148053678448
0.197445133955000	0.170426159577000	-17.132083630315673
0.200000000000000	0.170426159577000	-13.096497242305349
0.156368986917000	0.200000000000000	-9.684598921030885
0.156368986917000	0.279139395778000	-13.399902165726404
0.200000000000000	0.279139395778000	-6.695487282861404
0.334245341704000	0.200000000000000	-63.874503617064676
0.334245341704000	0.312883440713000	-27.634245992504724
0.200000000000000	0.312883440713000	-6.747593995830109
0.361832723932000	0.200000000000000	-95.728723795041262
0.361832723932000	0.171027929655000	-113.861654512316051
0.200000000000000	0.171027929655000	-10.733477005993457
0.205931491946000	0.200000000000000	-7.024007195513568
0.205931491946000	0.314064328797000	-6.473164080127362
0.200000000000000	0.314064328797000	-8.173985832460126
0.254781781038000	0.200000000000000	-13.240365970376390
0.254781781038000	0.229122714786000	-9.286477538438879
0.200000000000000	0.229122714786000	-6.930639035334188
0.160607065004000	0.200000000000000	-9.396046915522492
0.160607065004000	0.205277785490000	-12.174690662616126
0.200000000000000	0.205277785490000	-6.977360613337695
0.167092205662000	0.200000000000000	-17.263697190152790
0.167092205662000	0.287121106693000	-20.073031126359055
0.200000000000000	0.287121106693000	-8.319946351984045
0.314106956025000	0.200000000000000	-42.560707141638254
0.314106956025000	0.291871901588000	-18.241112785886962
0.200000000000000	0.291871901588000	-6.473148685953379
0.387020560276000	0.200000000000000	-120.197412779924491
0.387020560276000	0.216926501285000	-106.503351112840150
0.200000000000000	0.216926501285000	-5.825237065565098
0.362442423625000	0.200000000000000	-93.689726882652636
0.362442423625000	0.228337221343000	-77.140903400510382
0.200000000000000	0.228337221343000	-6.275367405923612
0.148759011525000	0.200000000000000	-9.173110884157559
0.148759011525000	0.169745252226000	-10.177180235738453
0.200000000000000	0.169745252226000	-13.451779191499179
0.170413827473000	0.200000000000000	-17.819226082408484
0.170413827473000	0.189984863703000	-17.348169140494939
0.200000000000000	0.189984863703000	-15.115759590611216
0.146716325223000	0.200000000000000	-11.562321345486746
0.146716325223000	0.332666689351000	-14.609146981251355
0.200000000000000	0.332666689351000	-12.034312194789363
0.396839456899000	0.200000000000000	-128.058209875026876
0.396839456899000	0.180572988766000	-154.131172565599400
0.200000000000000	0.180572988766000	-16.810244255494993
0.365155375118000	0.200000000000000	-98.914223448642289
0.365155375118000	0.206405309820000	-94.906901884991086
0.200000000000000	0.206405309820000	-9.386270684149794
0.149074649806000	0.200000000000000	-8.848456147031726
0.149074649806000	0.199683067467000	-9.496886471274532
0.200000000000000	0.199683067467000	-9.937738516717065
0.353659220947000	0.200000000000000	-87.939048240375257
0.353659220947000	0.240519245583000	-56.728174433183341
0.200000000000000	0.240519245583000	-5.547080953412338
0.171876170823000	0.200000000000000	-19.585393551484877
0.171876170823000	0.245442709998000	-20.161226914639446
0.200000000000000	0.245442709998000	-4.981509057726242
0.227062958381000	0.200000000000000	-18.643507588151554
0.227062958381000	0.239936173911000	-9.898265840848538
0.200000000000000	0.239936173911000	-3.658587950646279
0.187589660260000	0.200000000000000	-10.127489569811157
0.187589660260000	0.193939519789000	-12.844369330647563
0.200000000000000	0.193939519789000	-12.104656037997117
0.216563734837000	0.200000000000000	-11.359171749671686
0.216563734837000	0.299337165411000	-4.914903386868696
0.200000000000000	0.299337165411000	-6.433275195001953
0.279480694091000	0.200000000000000	-19.856953474386319
0.279480694091000	0.272937627916000	-10.677935774640785
0.200000000000000	0.272937627916000	-6.366219782079593
0.232532649915000	0.200000000000000	-12.390503854110060
0.232532649915000	0.156602683475000	-25.682298841762385
0.200000000000000	0.156602683475000	-19.780613273009422
0.278448220230000	0.200000000000000	-17.729980213959163
0.278448220230000	0.240617953701000	-9.534354049924158
0.200000000000000	0.240617953701000	-3.884536396764263
0.161111501917000	0.200000000000000	-13.210702999309271
0.161111501917000	0.325393226496000	-15.835618727106912
0.200000000000000	0.325393226496000	-8.522081071640196
0.195097673370000	0.200000000000000	-15.291542891254249
0.195097673370000	0.290675002713000	-16.846705710228399
0.200000000000000	0.290675002713000	-7.762583278544883
0.305948726820000	0.200000000000000	-36.975763951889633
0.305948726820000	0.276463605293000	-9.040343243769954
0.200000000000000	0.276463605293000	-6.494961702900333
0.328821544853000	0.200000000000000	-52.364618891160333
0.328821544853000	0.178541667261000	-71.801395641237093
0.200000000000000	0.178541667261000	-11.329060913668181
0.386324816321000	0.200000000000000	-122.527476912454802
0.386324816321000	0.163593446032000	-163.046805412273471
0.200000000000000	0.163593446032000	-12.528236183165509
0.360508002480000	0.200000000000000	-85.249880330623782
0.360508002480000	0.324627431029000	-38.588891347537007
0.200000000000000	0.324627431029000	-8.610404936423141
0.354764716804000	0.200000000000000	-80.457830988411743
0.354764716804000	0.321122536365000	-35.956384433338918
0.200000000000000	0.321122536365000	-7.469828049638486
0.318219310424000	0.200000000000000	-45.831488781800466
0.318219310424000	0.259585543348000	-17.538520155946436
0.200000000000000	0.259585543348000	-4.976438656443483
0.206601103922000	0.200000000000000	-9.632344829412069
0.206601103922000	0.291051205699000	-4.962855620878622
0.200000000000000	0.291051205699000	-6.135839300521222
0.359378365002000	0.200000000000000	-87.851518511139417
0.359378365002000	0.155328994963000	-125.059316575892566
0.200000000000000	0.155328994963000	-17.013501113301746
0.138428588433000	0.200000000000000	-11.692925824265140
0.138428588433000	0.320701911927000	-10.675963017018193
0.200000000000000	0.320701911927000	-8.512820913015549
0.110031065213000	0.200000000000000	-30.125997322860179
0.110031065213000	0.256157375515000	-15.868387394852896
0.200000000000000	0.256157375515000	-4.878754825648182
0.319434888357000	0.200000000000000	-45.101023924169048
0.319434888357000	0.296984112718000	-15.510609425247491
0.200000000000000	0.296984112718000	-7.586583051885513
0.322403302308000	0.200000000000000	-46.435830825124910
0.322403302308000	0.296855730516000	-16.702093156547399
0.200000000000000	0.296855730516000	-8.159868879193503
0.316240510839000	0.200000000000000	-50.500388829237131
0.316240510839000	0.218949254177000	-39.987032957037606
0.200000000000000	0.218949254177000	-6.652478745801321
0.228571147432000	0.200000000000000	-13.051476551146264
0.228571147432000	0.194603962653000	-18.133063868695523
0.200000000000000	0.194603962653000	-12.335434746856013
0.242672152416000	0.200000000000000	-9.418965150473054
0.242672152416000	0.328325291816000	-4.904518475626327
0.200000000000000	0.328325291816000	-9.702636691456581
0.365725228199000	0.200000000000000	-91.669747625510254
0.365725228199000	0.191293544466000	-98.211040167642224
0.200000000000000	0.191293544466000	-13.041290072977159
0.202574049876000	0.200000000000000	-7.369832371155827
0.202574049876000	0.180156427556000	-14.082479144608401
0.200000000000000	0.180156427556000	-10.324163019490777
0.190848938141000	0.200000000000000	-16.576639932770615
0.190848938141000	0.261572215012000	-12.150402318471935
0.200000000000000	0.261572215012000	-8.449445039028488
0.161401386589000	0.200000000000000	-15.663065625374378
0.161401386589000	0.171582132199000	-15.182684875590670
0.200000000000000	0.171582132199000	-11.037481468784369
0.109048067527000	0.200000000000000	-17.952937123856135
0.109048067527000	0.174919841408000	-14.051865393957424
0.200000000000000	0.174919841408000	-10.715977606066877
0.164671887276000	0.200000000000000	-16.946663356052522
0.164671887276000	0.219358674077000	-21.382857198028319
0.200000000000000	0.219358674077000	-6.329261772813234
0.125095177750000	0.200000000000000	-16.892913138001795
0.125095177750000	0.337450615655000	-15.229325648885572
0.200000000000000	0.337450615655000	-22.412188091937608
0.192203451507000	0.200000000000000	-14.407407489469318
0.192203451507000	0.262978486365000	-17.023250677025359
0.200000000000000	0.262978486365000	-7.668422527028185
0.273036808306000	0.200000000000000	-13.417722718097174
0.273036808306000	0.217670565382000	-11.793994151363734
0.200000000000000	0.217670565382000	-7.157011355690950
0.337034571270000	0.200000000000000	-65.670012577061954
0.337034571270000	0.298519241640000	-28.419516327587157
0.200000000000000	0.298519241640000	-6.939575478988070
0.291903805217000	0.200000000000000	-22.178763613963469
0.291903805217000	0.160744028870000	-36.445741815954023
0.200000000000000	0.160744028870000	-19.194506958736604
0.268472107235000	0.200000000000000	-14.346826932929078
0.268472107235000	0.297539631965000	-9.744573357088417
0.200000000000000	0.297539631965000	-6.022934264279887
0.195421527545000	0.200000000000000	-10.202467574202382
0.195421527545000	0.299215796656000	-18.248546262503723
0.200000000000000	0.299215796656000	-8.505771246306036
0.240023898462000	0.200000000000000	-16.996402213474365
0.240023898462000	0.236594823683000	-10.032099928245660
0.200000000000000	0.236594823683000	-8.338048505306526
0.354974167840000	0.200000000000000	-76.725969625461232
0.354974167840000	0.344325688827000	-30.303683172292278
0.200000000000000	0.344325688827000	-11.814106356816980
0.167967691200000	0.200000000000000	-10.747704150762422
0.167967691200000	0.279633397020000	-23.689089095147530
0.200000000000000	0.279633397020000	-7.281289438485879
0.246258026782000	0.200000000000000	-15.460690472505457
0.246258026782000	0.157853006063000	-22.851665746545468
0.200000000000000	0.157853006063000	-13.952686920022867
0.396615406242000	0.200000000000000	-135.354908424177665
0.396615406242000	0.152402117789000	-190.001955062560853
0.200000000000000	0.152402117789000	-17.218921706892903
0.373391994486000	0.200000000000000	-109.301924148670125
0.373391994486000	0.199559086422000	-110.545881589164878
0.200000000000000	0.199559086422000	-7.627262262368564
0.367088195126000	0.200000000000000	-98.248371300412927
0.367088195126000	0.301750124597000	-46.588369882813232
0.200000000000000	0.301750124597000	-7.105236109746895
0.296021809434000	0.200000000000000	-16.923764532576307
0.296021809434000	0.248754132246000	-11.535580157613076
0.200000000000000	0.248754132246000	-7.014793265787760
0.389627600227000	0.200000000000000	-125.396871267748764
0.389627600227000	0.256293464564000	-86.012492164688581
0.200000000000000	0.256293464564000	-4.433866807265217
0.204615634439000	0.200000000000000	-10.173435860336205
0.204615634439000	0.282814842463000	-3.995563302856853
0.200000000000000	0.282814842463000	-7.227218929229916
0.116345067761000	0.200000000000000	-28.475463202526416
0.116345067761000	0.271029482388000	-23.794251678301244
0.200000000000000	0.271029482388000	-5.926810904997299
0.215402985208000	0.200000000000000	-7.944157205035989
0.215402985208000	0.349680063883000	-10.137672388480798
0.200000000000000	0.349680063883000	-9.504922267770276
0.217709230052000	0.200000000000000	-11.293313085254482
0.217709230052000	0.204604171314000	-10.260447113183249
0.200000000000000	0.204604171314000	-8.239106287073598
0.124103061570000	0.200000000000000	-23.087920122362014
0.124103061570000	0.336071485112000	-21.353025171790243
0.200000000000000	0.336071485112000	-11.106418141480574
0.340565732919000	0.200000000000000	-71.360748011416604
0.340565732919000	0.338453799921000	-19.154069062796136
0.200000000000000	0.338453799921000	-11.017790681814898
0.130046934496000	0.200000000000000	-12.480732334724099
0.130046934496000	0.277945252326000	-20.774520805040002
0.200000000000000	0.277945252326000	-5.838061110476551
0.371959194251000	0.200000000000000	-100.339182679207340
0.371959194251000	0.164749885990000	-139.398382943689285
0.200000000000000	0.164749885990000	-12.785919040192663
0.298971687144000	0.200000000000000	-24.156821060620931
0.298971687144000	0.275040304924000	-8.196790342371605
0.200000000000000	0.275040304924000	-4.102794938134926
0.233894741302000	0.200000000000000	-10.577921940601973
0.233894741302000	0.331004972631000	-6.498054570215213
0.200000000000000	0.331004972631000	-12.216527928838770
0.323721728828000	0.200000000000000	-46.565344002092935
0.323721728828000	0.330226721108000	-9.271777510197246
0.200000000000000	0.330226721108000	-9.025793879358320
0.133060892521000	0.200000000000000	-11.148557705690765
0.133060892521000	0.326039108711000	-14.318770677786276
0.200000000000000	0.326039108711000	-6.701335543073425
0.286471215936000	0.200000000000000	-19.835964674956529
0.286471215936000	0.181686001020000	-19.968778934416996
0.200000000000000	0.181686001020000	-9.463561314547897
0.283254965787000	0.200000000000000	-14.589536494578995
0.283254965787000	0.168811046311000	-33.725175821775125
0.200000000000000	0.168811046311000	-14.997093557057005
0.239647955109000	0.200000000000000	-10.756821524229386
0.239647955109000	0.293055932316000	-5.396420898509411
0.200000000000000	0.293055932316000	-8.283382998851113
0.207488032452000	0.200000000000000	-6.166131824114568
0.207488032452000	0.152508077111000	-22.107062751237411
0.200000000000000	0.152508077111000	-16.335319914613343
0.131485982453000	0.200000000000000	-10.853890562815842
0.131485982453000	0.328256885510000	-12.385227224043859
0.200000000000000	0.328256885510000	-8.733163435669930
0.123205415316000	0.200000000000000	-24.681358552823887
0.123205415316000	0.187338900305000	-33.377467126763037
0.200000000000000	0.187338900305000	-10.724946866390429
0.259999390506000	0.200000000000000	-11.669950602939304
0.259999390506000	0.315532944705000	-2.917022639171525
0.200000000000000	0.315532944705000	-8.140659408130984
0.298087921969000	0.200000000000000	-18.428100911471279
0.298087921969000	0.174821621656000	-32.777528321884887
0.200000000000000	0.174821621656000	-15.668324154980269
0.185467921711000	0.200000000000000	-12.493225341933837
0.185467921711000	0.276328067332000	-13.318858315368638
0.200000000000000	0.276328067332000	-4.842878662620688
0.257873866356000	0.200000000000000	-14.296938052665105
0.257873866356000	0.212029287802000	-11.646944366111089
0.200000000000000	0.212029287802000	-9.269230687708287
0.261139992945000	0.200000000000000	-13.019273658738122
0.261139992945000	0.266487754857000	-8.968662393248994
0.200000000000000	0.266487754857000	-5.257880322167802
0.138799575437000	0.200000000000000	-10.354254167868190
0.138799575437000	0.300536664489000	-10.459623603765451
0.200000000000000	0.300536664489000	-6.546059674576448
0.337357967983000	0.200000000000000	-58.356837915081861
0.337357967983000	0.207233666295000	-53.782278139612131
0.200000000000000	0.207233666295000	-7.837790417952851
0.367404145295000	0.200000000000000	-100.957183427792884
0.367404145295000	0.198713112423000	-100.844548535089530
0.200000000000000	0.198713112423000	-12.101825752449752
0.266335025838000	0.200000000000000	-13.205550242297006
0.266335025838000	0.308925749031000	-7.424581002894608
0.200000000000000	0.308925749031000	-7.630071880446697
0.177525777464000	0.200000000000000	-14.962965353435354
0.177525777464000	0.272724187652000	-9.906008527891125
0.200000000000000	0.272724187652000	-5.613961880234076
0.114119974948000	0.200000000000000	-24.812977298898456
0.114119974948000	0.164240010728000	-25.610714427397649
0.200000000000000	0.164240010728000	-15.495611477112080
0.152296611371000	0.200000000000000	-9.611297035920531
0.152296611371000	0.299704411877000	-19.006570216520991
0.200000000000000	0.299704411877000	-7.764868280847099
0.149786876187000	0.200000000000000	-9.218345125915548
0.149786876187000	0.181636403713000	-10.079576245211761
0.200000000000000	0.181636403713000	-12.856909585080521
0.285131376731000	0.200000000000000	-15.079952049375514
0.285131376731000	0.171648362886000	-30.295960169574961
0.200000000000000	0.171648362886000	-14.417875262027700
0.268614864450000	0.200000000000000	-16.711666687493526
0.268614864450000	0.244905090968000	-9.065476365759032
0.200000000000000	0.244905090968000	-5.183517264798628
0.370246549536000	0.200000000000000	-101.689789990246567
0.370246549536000	0.231606997782000	-83.143831415222280
0.200000000000000	0.231606997782000	-6.383206110611292
0.153839252726000	0.200000000000000	-12.612899788271413
0.153839252726000	0.215505050804000	-10.230676506110660
0.200000000000000	0.215505050804000	-6.047016250547001
0.155221459210000	0.200000000000000	-7.161651172056994
0.155221459210000	0.321513156347000	-19.424941870571246
0.200000000000000	0.321513156347000	-7.227594024643607
0.371296681559000	0.200000000000000	-101.258896694630266
0.371296681559000	0.215165641715000	-91.388213681136236
0.200000000000000	0.215165641715000	-10.280231081591372
0.132767489297000	0.200000000000000	-9.644639683643510
0.132767489297000	0.285071091431000	-14.285351229382506
0.200000000000000	0.285071091431000	-6.238646934047514
0.346768531527000	0.200000000000000	-76.113180052321368
0.346768531527000	0.298193076657000	-34.493026536488983
0.200000000000000	0.298193076657000	-10.634577941055968
0.246965396750000	0.200000000000000	-17.677211598733791
0.246965396750000	0.232292721047000	-7.152956850455140
0.200000000000000	0.232292721047000	-6.687952351812054
0.347841151763000	0.200000000000000	-89.501140343856420
0.347841151763000	0.258947537539000	-45.935042095255788
0.200000000000000	0.258947537539000	-5.296602581672544
0.373189067343000	0.200000000000000	-95.267155523591896
0.373189067343000	0.306287506916000	-51.061103913238092
0.200000000000000	0.306287506916000	-8.710046974405762
0.257266230055000	0.200000000000000	-14.216900848487068
0.257266230055000	0.279871871158000	-4.294623712857037
0.200000000000000	0.279871871158000	-7.220218376791655
0.223326444065000	0.200000000000000	-8.938272756057920
0.223326444065000	0.151877171154000	-24.800989813238356
0.200000000000000	0.151877171154000	-19.816998035421456
0.229750375102000	0.200000000000000	-11.841639172490881
0.229750375102000	0.342132967521000	-5.002983836901497
0.200000000000000	0.342132967521000	-9.366905766880837
0.361816119445000	0.200000000000000	-94.572959610641576
0.361816119445000	0.191179333935000	-94.440453113980340
0.200000000000000	0.191179333935000	-10.373538325897393
0.398483823219000	0.200000000000000	-139.033058299010946
0.398483823219000	0.177847745815000	-151.314052470836998
0.200000000000000	0.177847745815000	-12.214530146988482
0.271307596634000	0.200000000000000	-17.309826537470471
0.271307596634000	0.234991219358000	-8.971015106413658
0.200000000000000	0.234991219358000	-5.691691183956021
0.267759987833000	0.200000000000000	-15.839162069606889
0.267759987833000	0.180423128149000	-21.354711862602731
0.200000000000000	0.180423128149000	-9.901360472076021
0.225037503682000	0.200000000000000	-14.315586285141778
0.225037503682000	0.278437146674000	-4.034971839896616
0.200000000000000	0.278437146674000	-8.731404117408454
0.142775325542000	0.200000000000000	-12.888059729201798
0.142775325542000	0.264399198837000	-12.290269512016616
0.200000000000000	0.264399198837000	-5.627726062066579
0.177169010627000	0.200000000000000	-19.379062857675805
0.177169010627000	0.198625328059000	-15.036819733311312
0.200000000000000	0.198625328059000	-11.948161869567492
0.191488098209000	0.200000000000000	-21.088098515100484
0.191488098209000	0.158367733736000	-15.612087473297500
0.200000000000000	0.158367733736000	-14.738011440511819
0.271240216480000	0.200000000000000	-14.049558400067854
0.271240216480000	0.333104363381000	-3.765523499702598
0.200000000000000	0.333104363381000	-11.051888856842991
0.208756529531000	0.200000000000000	-6.905357402857131
0.208756529531000	0.326165299445000	-11.189189222223847
0.200000000000000	0.326165299445000	-7.119954500861908
0.283604861484000	0.200000000000000	-20.247519188500540
0.283604861484000	0.280486913250000	-9.863287535583174
0.200000000000000	0.280486913250000	-5.993924906434867
0.350312390636000	0.200000000000000	-73.184533625249884
0.350312390636000	0.195949376896000	-82.468247232007840
0.200000000000000	0.195949376896000	-11.396449857948934
0.396951696411000	0.200000000000000	-136.910947391209788
0.396951696411000	0.268080883236000	-83.331317589407490
0.200000000000000	0.268080883236000	-6.422724165948177
0.299220312480000	0.200000000000000	-22.433962110286995
0.299220312480000	0.307092402650000	-6.451044474732257
0.200000000000000	0.307092402650000	-9.402827427496206
0.296269562036000	0.200000000000000	-20.578172882335380
0.296269562036000	0.154849870983000	-44.268496336742047
0.200000000000000	0.154849870983000	-19.004636570195178
0.397043383555000	0.200000000000000	-130.625302877591707
0.397043383555000	0.154652198888000	-184.563486136197525
0.200000000000000	0.154652198888000	-18.697863607683082
0.323545740321000	0.200000000000000	-49.204380124634824
0.323545740321000	0.269881002447000	-20.044738654076347
0.200000000000000	0.269881002447000	-7.369647679568509
0.359973473267000	0.200000000000000	-90.166914288727796
0.359973473267000	0.331529232377000	-31.848627423950642
0.200000000000000	0.331529232377000	-9.407780169625907
0.106745911807000	0.200000000000000	-16.900569673189914
0.106745911807000	0.250584475671000	-17.163382744119431
0.200000000000000	0.250584475671000	-5.847196682638534
0.249977331319000	0.200000000000000	-18.733386285487970
0.249977331319000	0.253572008189000	-6.986630473674518
0.200000000000000	0.253572008189000	-5.537912257616916
0.173326298123000	0.200000000000000	-21.454906261453683
0.173326298123000	0.281774136419000	-22.214657048938289
0.200000000000000	0.281774136419000	-14.242939163165037
0.296196330884000	0.200000000000000	-16.814274601175242
0.296196330884000	0.150230405107000	-49.355680230967785
0.200000000000000	0.150230405107000	-19.596108897226891
0.310608005471000	0.200000000000000	-39.442737866259876
0.310608005471000	0.239972363168000	-16.591508803949516
0.200000000000000	0.239972363168000	-6.601138510892970
0.310278589130000	0.200000000000000	-38.525157653363920
0.310278589130000	0.211960517931000	-42.143205571395441
0.200000000000000	0.211960517931000	-8.341463331031978
0.228630526928000	0.200000000000000	-15.064311689902118
0.228630526928000	0.310186623668000	-5.747254586048143
0.200000000000000	0.310186623668000	-7.215410005500085
0.384601494667000	0.200000000000000	-115.516888560212394
0.384601494667000	0.257216936189000	-80.725761124357234
0.200000000000000	0.257216936189000	-4.677647002750564
0.348619969235000	0.200000000000000	-72.197441200035868
0.348619969235000	0.216977090733000	-67.002934901855156
0.200000000000000	0.216977090733000	-7.375288557898092
0.165175586520000	0.200000000000000	-17.230212234014502
0.165175586520000	0.185335706038000	-13.577562780169318
0.200000000000000	0.185335706038000	-11.861170640984822
0.352756290050000	0.200000000000000	-88.548194724317767
0.352756290050000	0.216141793594000	-71.673264918306700
0.200000000000000	0.216141793594000	-6.025167195139466
0.154635616476000	0.200000000000000	-8.989394942224850
0.154635616476000	0.162623886525000	-10.086873889059934
0.200000000000000	0.162623886525000	-11.176736172277721
0.259966662603000	0.200000000000000	-20.466343293255278
0.259966662603000	0.197570464847000	-14.724863513055642
0.200000000000000	0.197570464847000	-11.950808881424445
0.234183225872000	0.200000000000000	-19.510978805726392
0.234183225872000	0.276161290649000	-8.290191017627594
0.200000000000000	0.276161290649000	-6.044190488933019
0.379931068939000	0.200000000000000	-104.780595936205728
0.379931068939000	0.282031778455000	-67.627080124443040
0.200000000000000	0.282031778455000	-11.143868905800643
0.165811285166000	0.200000000000000	-12.948082129411514
0.165811285166000	0.314905339396000	-22.748672626347073
0.200000000000000	0.314905339396000	-7.542647427129110
0.148304761702000	0.200000000000000	-8.867721961134574
0.148304761702000	0.300126264643000	-13.612604151385691
0.200000000000000	0.300126264643000	-7.974508054183778
0.276263477513000	0.200000000000000	-16.829079554795221
0.276263477513000	0.316999132960000	-4.441399530097841
0.200000000000000	0.316999132960000	-13.841349865402407
0.321752120665000	0.200000000000000	-47.864406172165722
0.321752120665000	0.283152730447000	-19.497891580304085
0.200000000000000	0.283152730447000	-11.778240004374341
0.292561029321000	0.200000000000000	-17.518884371626008
0.292561029321000	0.233518655175000	-16.277865742080110
0.200000000000000	0.233518655175000	-5.266452601911373
0.274205219018000	0.200000000000000	-20.458142855486486
0.274205219018000	0.307618622884000	-5.930963671058793
0.200000000000000	0.307618622884000	-6.890113990623277
0.397729127137000	0.200000000000000	-130.663951583941525
0.397729127137000	0.252561633089000	-99.323084509121955
0.200000000000000	0.252561633089000	-5.789744444432164
0.331065307087000	0.200000000000000	-57.135067227537924
0.331065307087000	0.258875338210000	-42.245877223633357
0.200000000000000	0.258875338210000	-5.680682154388524
0.362476070581000	0.200000000000000	-92.971833253154216
0.362476070581000	0.268406024643000	-56.313128366620553
0.200000000000000	0.268406024643000	-6.277866343277064
0.202724031365000	0.200000000000000	-11.635381463921737
0.202724031365000	0.263699306100000	-5.270055827266968
0.200000000000000	0.263699306100000	-4.783797285931970
0.213354439056000	0.200000000000000	-7.357672848049774
0.213354439056000	0.215493565991000	-7.788864484817617
0.200000000000000	0.215493565991000	-11.372859865947859
0.219485048580000	0.200000000000000	-14.103995241433758
0.219485048580000	0.332962267268000	-6.530423803413528
0.200000000000000	0.332962267268000	-9.543560460961245
0.281115189764000	0.200000000000000	-16.694960788411905
0.281115189764000	0.299322183238000	-8.499447670701194
0.200000000000000	0.299322183238000	-7.523598617193171
0.337764877201000	0.200000000000000	-65.898480134678053
0.337764877201000	0.164880631816000	-89.641044787209154
0.200000000000000	0.164880631816000	-15.410376051442842
0.353815370953000	0.200000000000000	-83.613120427326294
0.353815370953000	0.180013888521000	-95.937378569157985
0.200000000000000	0.180013888521000	-16.270865535098071
0.111832136167000	0.200000000000000	-28.129261550294729
0.111832136167000	0.162794863342000	-32.778632830373134
0.200000000000000	0.162794863342000	-10.506594643821957
0.103720581561000	0.200000000000000	-15.420833696926550
0.103720581561000	0.298549001718000	-15.462334781574711
0.200000000000000	0.298549001718000	-8.547672288279516
0.179564540825000	0.200000000000000	-18.883724917914048
0.179564540825000	0.289072771901000	-18.067666866081467
0.200000000000000	0.289072771901000	-9.290599226845139
0.255910991980000	0.200000000000000	-15.173935626506173
0.255910991980000	0.272016716515000	-5.619208385236503
0.200000000000000	0.272016716515000	-8.827615378782641
0.352744142154000	0.200000000000000	-80.966559083086466
0.352744142154000	0.240920695937000	-55.269852941687503
0.200000000000000	0.240920695937000	-5.355303479305669
0.281926359021000	0.200000000000000	-15.855242244248167
0.281926359021000	0.334136658953000	-5.139883607856050
0.200000000000000	0.334136658953000	-8.745181426014653
0.139935205335000	0.200000000000000	-10.869271263853236
0.139935205335000	0.190502982132000	-10.839442470871324
0.200000000000000	0.190502982132000	-13.799351255675004
0.125358743269000	0.200000000000000	-15.482888041869385
0.125358743269000	0.265453159379000	-13.579793277035474
0.200000000000000	0.265453159379000	-6.197227389298059
0.162688820077000	0.200000000000000	-10.368487701289045
0.162688820077000	0.231190308237000	-11.565338669968993
0.200000000000000	0.231190308237000	-5.542534134589465
0.366832457072000	0.200000000000000	-100.166563371579386
0.366832457072000	0.334248972568000	-41.484890409839942
0.200000000000000	0.334248972568000	-6.480405071972291
0.336388976956000	0.200000000000000	-60.852629195306548
0.336388976956000	0.211595733025000	-54.910128318623556
0.200000000000000	0.211595733025000	-7.136570381136938
0.366412724455000	0.200000000000000	-104.839030607911582
0.366412724455000	0.317768891784000	-44.864703927474018
0.200000000000000	0.317768891784000	-7.829518480166838
0.217963630376000	0.200000000000000	-8.187491837257095
0.217963630376000	0.321185292931000	-6.332560436725128
0.200000000000000	0.321185292931000	-7.294786994855274
0.246926682947000	0.200000000000000	-15.012916064783365
0.246926682947000	0.279961081907000	-7.198305081916175
0.200000000000000	0.279961081907000	-6.198530170178350
0.276943986703000	0.200000000000000	-16.639422577181875
0.276943986703000	0.224809898257000	-16.803645982387810
0.200000000000000	0.224809898257000	-6.089717289168567
0.174608799441000	0.200000000000000	-19.199745598841119
0.174608799441000	0.332432445601000	-21.525008804820704
0.200000000000000	0.332432445601000	-9.006997338188457
0.257626978179000	0.200000000000000	-18.470309888965698
0.257626978179000	0.336658436557000	-3.449689970078449
0.200000000000000	0.336658436557000	-10.665166158719948
0.360530815315000	0.200000000000000	-101.203466725193223
0.360530815315000	0.324406684543000	-43.229937463407715
0.200000000000000	0.324406684543000	-9.140263339659072
0.179903447364000	0.200000000000000	-16.394220842450999
0.179903447364000	0.317393752344000	-18.687535148238300
0.200000000000000	0.317393752344000	-9.380560374637957
0.357663523468000	0.200000000000000	-87.771963894383020
0.357663523468000	0.211215842827000	-78.391558703882509
0.200000000000000	0.211215842827000	-8.925992141058183
0.143296417223000	0.200000000000000	-15.101286834553809
0.143296417223000	0.349069968590000	-15.954820624277898
0.200000000000000	0.349069968590000	-20.772005790281032
0.353107572724000	0.200000000000000	-81.472346716641454
0.353107572724000	0.176903479226000	-109.923728875162666
0.200000000000000	0.176903479226000	-12.854989641712315
0.335074456471000	0.200000000000000	-64.155409305166614
0.335074456471000	0.231826498303000	-51.638921720067756
0.200000000000000	0.231826498303000	-6.847383690414306
0.100277294811000	0.200000000000000	-23.331757330751728
0.100277294811000	0.304392721309000	-19.784189875173784
0.200000000000000	0.304392721309000	-5.835241114341702
0.360629704178000	0.200000000000000	-88.867900775284113
0.360629704178000	0.266326613595000	-51.389271845965709
0.200000000000000	0.266326613595000	-4.951746588029796
0.241360023339000	0.200000000000000	-10.457470347816159
0.241360023339000	0.290661184449000	-4.280305469035944
0.200000000000000	0.290661184449000	-9.720593021400603
0.313551738124000	0.200000000000000	-39.822664316768339
0.313551738124000	0.204605934378000	-42.256611192837809
0.200000000000000	0.204605934378000	-10.173459608630811
0.257475511257000	0.200000000000000	-11.770790516929958
0.257475511257000	0.320087312487000	-3.910798200211120
0.200000000000000	0.320087312487000	-8.504091300679036
0.164588213607000	0.200000000000000	-17.490191930718371
0.164588213607000	0.187812517624000	-21.006309692666463
0.200000000000000	0.187812517624000	-9.051981482310591
0.172730522112000	0.200000000000000	-21.240307488711604
0.172730522112000	0.276105340782000	-21.964455639653139
0.200000000000000	0.276105340782000	-4.282353622041929
0.154312247093000	0.200000000000000	-10.778643420768960
0.154312247093000	0.264431652886000	-13.206430274874609
0.200000000000000	0.264431652886000	-4.335150872258318
0.368991307647000	0.200000000000000	-95.124569875997068
0.368991307647000	0.279447823823000	-54.898944696886083
0.200000000000000	0.279447823823000	-5.057252763567012
0.228402873430000	0.200000000000000	-12.176775972228942
0.228402873430000	0.195247020985000	-12.950941263628698
0.200000000000000	0.195247020985000	-11.528506612905010
0.114551392791000	0.200000000000000	-29.349150675552664
0.114551392791000	0.265724092607000	-24.664045695692035
0.200000000000000	0.265724092607000	-5.363127709032445
0.105294852331000	0.200000000000000	-14.282718687777844
0.105294852331000	0.328617933417000	-11.762212527192025
0.200000000000000	0.328617933417000	-10.131486567160977
0.282840755420000	0.200000000000000	-17.894633928208179
0.282840755420000	0.300676368860000	-11.243051497537914
0.200000000000000	0.300676368860000	-6.486269482515021
0.130297062192000	0.200000000000000	-18.345917870528524
0.130297062192000	0.211873998803000	-13.198019614455109
0.200000000000000	0.211873998803000	-6.265837597358897
0.311006597495000	0.200000000000000	-39.593495909491395
0.311006597495000	0.318093159588000	-9.162426459184996
0.200000000000000	0.318093159588000	-9.048685997336701
0.157601506253000	0.200000000000000	-11.287395166907654
0.157601506253000	0.249773259778000	-16.671452079805078
0.200000000000000	0.249773259778000	-6.169646043799784
0.371765061198000	0.200000000000000	-103.724706353512488
0.371765061198000	0.333619578455000	-42.989875298851153
0.200000000000000	0.333619578455000	-9.303486722704777
0.127022979029000	0.200000000000000	-24.859408199801251
0.127022979029000	0.323102896555000	-17.999465421570214
0.200000000000000	0.323102896555000	-8.829050703092683
0.227017660916000	0.200000000000000	-13.425446868959090
0.227017660916000	0.223230342991000	-10.920729110587295
0.200000000000000	0.223230342991000	-5.325236520194840
0.298333240953000	0.200000000000000	-18.145954773324931
0.298333240953000	0.275081734485000	-8.644101859175457
0.200000000000000	0.275081734485000	-4.530002638770721
0.150588971141000	0.200000000000000	-8.327878404268965
0.150588971141000	0.200737808818000	-10.304994481125949
0.200000000000000	0.200737808818000	-10.304677180780875
0.332346337557000	0.200000000000000	-54.212768146412103
0.332346337557000	0.231447360022000	-44.661154589699336
0.200000000000000	0.231447360022000	-5.700746883668514
0.362749727574000	0.200000000000000	-96.604685573083557
0.362749727574000	0.219909868863000	-74.731567993668961
0.200000000000000	0.219909868863000	-5.705180750186941
0.384654631596000	0.200000000000000	-123.258947758118040
0.384654631596000	0.247233573241000	-86.699832495427145
0.200000000000000	0.247233573241000	-5.422668489559796
0.343369215453000	0.200000000000000	-69.069831773909982
0.343369215453000	0.241217102198000	-49.745536515937737
0.200000000000000	0.241217102198000	-5.281980566354785
0.237632598237000	0.200000000000000	-8.960502434339887
0.237632598237000	0.279703940777000	-4.495745189763487
0.200000000000000	0.279703940777000	-5.913879902171490
0.395816321773000	0.200000000000000	-130.399100780650997
0.395816321773000	0.255061892556000	-97.242005500169768
0.200000000000000	0.255061892556000	-5.890764198482528
0.332980666483000	0.200000000000000	-63.726765593261334
0.332980666483000	0.231879834361000	-43.799924550964342
0.200000000000000	0.231879834361000	-8.310216392290311
0.114223437245000	0.200000000000000	-15.678162853598133
0.114223437245000	0.167075462556000	-24.255483683376148
0.200000000000000	0.167075462556000	-12.379820513645853
0.108395112070000	0.200000000000000	-18.693247570306710
0.108395112070000	0.237457352049000	-15.873005993811393
0.200000000000000	0.237457352049000	-5.023358132451629
0.366967070124000	0.200000000000000	-94.479753789716867
0.366967070124000	0.242133668777000	-68.204040749631844
0.200000000000000	0.242133668777000	-4.655580936708889
0.172269558159000	0.200000000000000	-21.583166351637814
0.172269558159000	0.229208558280000	-22.853491596128251
0.200000000000000	0.229208558280000	-5.883485139750660
0.386514011488000	0.200000000000000	-120.413748471021293
0.386514011488000	0.190325471136000	-121.857195884880781
0.200000000000000	0.190325471136000	-11.354398819722437
0.290478838746000	0.200000000000000	-21.000055907588383
0.290478838746000	0.223141366166000	-14.289223983947164
0.200000000000000	0.223141366166000	-7.312076180398244
0.153606268600000	0.200000000000000	-16.865971778614146
0.153606268600000	0.213541513901000	-9.100562857797939
0.200000000000000	0.213541513901000	-6.733712316331550
0.141670608336000	0.200000000000000	-11.164731950944416
0.141670608336000	0.172059785291000	-10.847686782602160
0.200000000000000	0.172059785291000	-10.198059049466874
0.366276246128000	0.200000000000000	-89.317194550436653
0.366276246128000	0.262925143270000	-63.939856950835498
0.200000000000000	0.262925143270000	-3.958435415707801
0.143242072180000	0.200000000000000	-10.463986978372505
0.143242072180000	0.260222335371000	-10.449500938933838
0.200000000000000	0.260222335371000	-6.760570871255295
0.127911369614000	0.200000000000000	-14.427952442507081
0.127911369614000	0.299799484782000	-13.491556000644522
0.200000000000000	0.299799484782000	-6.439691048532639
0.131221603756000	0.200000000000000	-17.434657916810398
0.131221603756000	0.341908801851000	-11.907076565228955
0.200000000000000	0.341908801851000	-17.444726940021795
0.264812424472000	0.200000000000000	-17.413599460913591
0.264812424472000	0.194854559513000	-12.986179433185347
0.200000000000000	0.194854559513000	-11.584644253364674
0.314300392345000	0.200000000000000	-47.133459809345787
0.314300392345000	0.342407835108000	-8.704438420976169
0.200000000000000	0.342407835108000	-9.349604891026774
0.271319037943000	0.200000000000000	-20.862177710397404
0.271319037943000	0.324522440761000	-5.898634893180331
0.200000000000000	0.324522440761000	-9.449275238998400
0.386077316798000	0.200000000000000	-121.601932766271730
0.386077316798000	0.210939343096000	-117.336031945787695
0.200000000000000	0.210939343096000	-8.864887894740594
0.316585700291000	0.200000000000000	-44.877413884651595
0.316585700291000	0.189124376635000	-50.103293866708142
0.200000000000000	0.189124376635000	-11.983297968534439
0.387387658031000	0.200000000000000	-130.676465132009639
0.387387658031000	0.201785638169000	-120.527288557643956
0.200000000000000	0.201785638169000	-11.481593437756022
0.350174971875000	0.200000000000000	-71.022623898914134
0.350174971875000	0.232366952169000	-57.224068509917771
0.200000000000000	0.232366952169000	-9.430356213106796
0.377632813387000	0.200000000000000	-107.059242369386993
0.377632813387000	0.161791602067000	-150.053956591633664
0.200000000000000	0.161791602067000	-13.617451181660837
0.353038411953000	0.200000000000000	-84.678511110219532
0.353038411953000	0.200138323716000	-81.206295008285338
0.200000000000000	0.200138323716000	-8.289512521744779
0.302815681346000	0.200000000000000	-22.575780578601400
0.302815681346000	0.263374961011000	-11.452680040287873
0.200000000000000	0.263374961011000	-5.963405239057050
0.346258234653000	0.200000000000000	-70.687173330788525
0.346258234653000	0.273166242977000	-43.026509925683726
0.200000000000000	0.273166242977000	-4.921185949410259
0.187191767057000	0.200000000000000	-11.745007205115488
0.187191767057000	0.234703438117000	-10.925508927539680
0.200000000000000	0.234703438117000	-5.264529554987764
0.146480541824000	0.200000000000000	-11.851395539270154
0.146480541824000	0.312306786967000	-14.070215538207048
0.200000000000000	0.312306786967000	-9.148038634669605
0.141921969377000	0.200000000000000	-13.725617690960489
0.141921969377000	0.348468368390000	-13.279818299363983
0.200000000000000	0.348468368390000	-11.307516853841037
0.324390787591000	0.200000000000000	-48.443616355220669
0.324390787591000	0.319616107762000	-15.325009051653508
0.200000000000000	0.319616107762000	-11.726940180991861
0.305584840786000	0.200000000000000	-37.448261331082428
0.305584840786000	0.267972379985000	-10.596778069472709
0.200000000000000	0.267972379985000	-5.972497424490779
0.298005124024000	0.200000000000000	-19.125798937921225
0.298005124024000	0.339463083384000	-6.061686389495171
0.200000000000000	0.339463083384000	-7.167319618092393
0.143531382931000	0.200000000000000	-10.669584561009261
0.143531382931000	0.285705225953000	-12.706381787093271
0.200000000000000	0.285705225953000	-8.658130537994191
0.394358371944000	0.200000000000000	-133.019604314854064
0.394358371944000	0.349278898918000	-54.117072981561087
0.200000000000000	0.349278898918000	-10.163478686006966
0.190221950769000	0.200000000000000	-17.171998346926980
0.190221950769000	0.303917277954000	-19.729608457711141
0.200000000000000	0.303917277954000	-6.859931181241707
0.250471272713000	0.200000000000000	-12.478536938681255
0.250471272713000	0.343394336582000	-3.644909286922640
0.200000000000000	0.343394336582000	-7.295270108051159
0.250268569638000	0.200000000000000	-13.327052467023440
0.250268569638000	0.269968881425000	-5.157041660110766
0.200000000000000	0.269968881425000	-7.217064623727205
0.347431259710000	0.200000000000000	-76.158973451875255
0.347431259710000	0.260359831580000	-43.892739145317748
0.200000000000000	0.260359831580000	-5.414726020458959
0.173694544940000	0.200000000000000	-25.587460214630195
0.173694544940000	0.240369821227000	-20.402789754912842
0.200000000000000	0.240369821227000	-4.498086732193016
0.383164416691000	0.200000000000000	-120.097849152136860
0.383164416691000	0.270000620035000	-70.031349399585224
0.200000000000000	0.270000620035000	-4.437587435636524
0.285058152767000	0.200000000000000	-18.687954753771230
0.285058152767000	0.154679599995000	-45.230593794680637
0.200000000000000	0.154679599995000	-14.905986308694638
0.259945641208000	0.200000000000000	-16.364653679702805
0.259945641208000	0.244758865387000	-9.500546253213788
0.200000000000000	0.244758865387000	-5.223762640578910
0.176755400838000	0.200000000000000	-16.553106399390472
0.176755400838000	0.300592494526000	-16.957243521745717
0.200000000000000	0.300592494526000	-9.819301219921476
0.106946276782000	0.200000000000000	-14.132889559917539
0.106946276782000	0.173564044076000	-11.815419392675674
0.200000000000000	0.173564044076000	-9.847001725437588
0.122354390089000	0.200000000000000	-26.684166316021415
0.122354390089000	0.284278778414000	-17.764946053847925
0.200000000000000	0.284278778414000	-8.215981487010382
0.268017219282000	0.200000000000000	-12.712202181570243
0.268017219282000	0.301930743339000	-5.387309491460787
0.200000000000000	0.301930743339000	-6.942257795569482
0.184034090166000	0.200000000000000	-12.391059839812428
0.184034090166000	0.273707643304000	-17.046808729988420
0.200000000000000	0.273707643304000	-4.291480399567003
0.224526167240000	0.200000000000000	-11.690218425962060
0.224526167240000	0.299670530050000	-5.220477497895001
0.200000000000000	0.299670530050000	-7.104210874590485
0.299818106293000	0.200000000000000	-19.627857741840387
0.299818106293000	0.278246874420000	-8.457930931191177
0.200000000000000	0.278246874420000	-5.694660107457269
0.284451620207000	0.200000000000000	-17.548850895630437
0.284451620207000	0.229863768679000	-12.841498549207216
0.200000000000000	0.229863768679000	-6.868426486309923
0.179927097338000	0.200000000000000	-15.742485896396627
0.179927097338000	0.165618318143000	-20.609504102023664
0.200000000000000	0.165618318143000	-15.011168022717632
0.286129486979000	0.200000000000000	-17.566087723490220
0.286129486979000	0.344887153105000	-5.416747266002500
0.200000000000000	0.344887153105000	-10.769352708942712
0.334296518829000	0.200000000000000	-58.116740290566831
0.334296518829000	0.271885947102000	-36.911963195353287
0.200000000000000	0.271885947102000	-5.864018087680440
0.240962086106000	0.200000000000000	-22.244739120458476
0.240962086106000	0.264370800631000	-4.373789448022659
0.200000000000000	0.264370800631000	-5.525778276405068
0.139473675579000	0.200000000000000	-10.245711223259946
0.139473675579000	0.260431350529000	-11.830382070030430
0.200000000000000	0.260431350529000	-13.973931098051736
0.145969997259000	0.200000000000000	-12.659306662606502
0.145969997259000	0.321949919651000	-14.866022755593645
0.200000000000000	0.321949919651000	-10.612343050609027
0.383293040833000	0.200000000000000	-118.381824002642205
0.383293040833000	0.347999164066000	-52.213085316147883
0.200000000000000	0.347999164066000	-11.356823065865742
0.237308039356000	0.200000000000000	-12.394755460725216
0.237308039356000	0.212662226947000	-10.966070557881133
0.200000000000000	0.212662226947000	-5.385436299449444
0.247093541365000	0.200000000000000	-8.751390536743257
0.247093541365000	0.194433248760000	-15.793017785662242
0.200000000000000	0.194433248760000	-16.490484585222344
0.326582916199000	0.200000000000000	-46.178029862286628
0.326582916199000	0.313119451819000	-18.306850909274949
0.200000000000000	0.313119451819000	-6.955850123633025
0.132419472513000	0.200000000000000	-10.560274427553873
0.132419472513000	0.225267740648000	-9.925077927002771
0.200000000000000	0.225267740648000	-7.515171151178008
0.144941387542000	0.200000000000000	-9.437414367858459
0.144941387542000	0.151231588203000	-10.255356550406528
0.200000000000000	0.151231588203000	-11.058834629029953
0.285580386796000	0.200000000000000	-22.355811040070098
0.285580386796000	0.169165444511000	-29.170833917113907
0.200000000000000	0.169165444511000	-11.508137110575380
0.106564153800000	0.200000000000000	-16.253884035288138
0.106564153800000	0.177941202029000	-14.467010286902065
0.200000000000000	0.177941202029000	-11.016251519184195
0.375696587180000	0.200000000000000	-109.817192108180336
0.375696587180000	0.280124653139000	-58.211270799550185
0.200000000000000	0.280124653139000	-6.372506629314836
0.171626274501000	0.200000000000000	-19.321547344144349
0.171626274501000	0.327284185982000	-20.538772645248422
0.200000000000000	0.327284185982000	-7.812529672474382
0.309118873949000	0.200000000000000	-35.756645049607762
0.309118873949000	0.242320677304000	-15.671601627953669
0.200000000000000	0.242320677304000	-4.748751031930456
0.220682186111000	0.200000000000000	-11.210859605299850
0.220682186111000	0.255756689306000	-4.397209404794266
0.200000000000000	0.255756689306000	-6.275090108797925
0.380733049402000	0.200000000000000	-112.437528756124337
0.380733049402000	0.319944347116000	-51.368799964615704
0.200000000000000	0.319944347116000	-9.340094121112735
0.203659440657000	0.200000000000000	-7.738784165517878
0.203659440657000	0.176751128134000	-11.519846617447111
0.200000000000000	0.176751128134000	-15.496760120868691
0.356340966272000	0.200000000000000	-94.244254170630910
0.356340966272000	0.182093777157000	-100.346798658961021
0.200000000000000	0.182093777157000	-11.518350793756380
0.118567552749000	0.200000000000000	-23.148405241044916
0.118567552749000	0.225706663963000	-22.536819323497919
0.200000000000000	0.225706663963000	-6.016847230328098
0.277002446414000	0.200000000000000	-17.850434185034327
0.277002446414000	0.287767070572000	-8.658492537570192
0.200000000000000	0.287767070572000	-6.033554843301072
0.265233716016000	0.200000000000000	-13.418523641006979
0.265233716016000	0.166607291226000	-24.492415777041693
0.200000000000000	0.166607291226000	-16.480343683194938
0.337371356472000	0.200000000000000	-59.715214122843875
0.337371356472000	0.232974864889000	-43.857377689813838
0.200000000000000	0.232974864889000	-6.171592032567937
0.389877094517000	0.200000000000000	-134.380398741154693
0.389877094517000	0.209782705680000	-108.519623623621499
0.200000000000000	0.209782705680000	-8.464249197266493
0.109442296611000	0.200000000000000	-16.718489420104611
0.109442296611000	0.347546142197000	-27.329769237092624
0.200000000000000	0.347546142197000	-11.591404596753055
0.312764321336000	0.200000000000000	-39.503761588795655
0.312764321336000	0.167377224888000	-57.036582809201164
0.200000000000000	0.167377224888000	-13.133658778216125
0.159624555462000	0.200000000000000	-15.232158565092638
0.159624555462000	0.277025393710000	-16.098631122866990
0.200000000000000	0.277025393710000	-6.298125153407431
0.353597724260000	0.200000000000000	-86.479940563085592
0.353597724260000	0.205509693654000	-74.360866356060825
0.200000000000000	0.205509693654000	-9.022272788910149
0.386205259011000	0.200000000000000	-126.858746709646155
0.386205259011000	0.170624634151000	-155.025512987522802
0.200000000000000	0.170624634151000	-17.372919126077051
0.233197773475000	0.200000000000000	-10.701019249246835
0.233197773475000	0.224875907688000	-9.472081534489536
0.200000000000000	0.224875907688000	-7.403519048065377
0.268984931476000	0.200000000000000	-14.623556453647069
0.268984931476000	0.166596871164000	-25.895206039558474
0.200000000000000	0.166596871164000	-16.935178517398516
0.148230586302000	0.200000000000000	-8.367729362907799
0.148230586302000	0.320374146044000	-16.044104520432690
0.200000000000000	0.320374146044000	-7.835581157380129
0.279729131037000	0.200000000000000	-17.493435057169044
0.279729131037000	0.166846176950000	-35.619861474652097
0.200000000000000	0.166846176950000	-15.766372541449893
0.350900466040000	0.200000000000000	-86.802448811362368
0.350900466040000	0.220535385810000	-65.010522709312696
0.200000000000000	0.220535385810000	-7.224727017167461
0.141324612868000	0.200000000000000	-10.173634160889137
0.141324612868000	0.203082645656000	-11.625390149693128
0.200000000000000	0.203082645656000	-5.621180188023641
0.230591481392000	0.200000000000000	-13.718416667051363
0.230591481392000	0.198201010867000	-13.175853222911545
0.200000000000000	0.198201010867000	-11.417278906805192
0.247867187099000	0.200000000000000	-13.430818264854885
0.247867187099000	0.154879470234000	-19.934005497900110
0.200000000000000	0.154879470234000	-17.441219515346972
0.363061910690000	0.200000000000000	-96.001466261553290
0.363061910690000	0.290928559546000	-47.923388935265436
0.200000000000000	0.290928559546000	-8.084317533588044
0.346372205882000	0.200000000000000	-72.714791390903656
0.346372205882000	0.152870044789000	-116.065323684430396
0.200000000000000	0.152870044789000	-16.730015972645408
0.102925832967000	0.200000000000000	-32.135826729202726
0.102925832967000	0.348218586257000	-16.201950538642066
0.200000000000000	0.348218586257000	-8.926500065886852
0.296009974479000	0.200000000000000	-18.944948130416613
0.296009974479000	0.196599820383000	-21.348852071529702
0.200000000000000	0.196599820383000	-16.196245707802301
0.304932010205000	0.200000000000000	-31.281763283718437
0.304932010205000	0.196390297475000	-42.183521042653325
0.200000000000000	0.196390297475000	-15.137037854976747
0.287618894430000	0.200000000000000	-18.660070131298045
0.287618894430000	0.171454828152000	-35.299530651429194
0.200000000000000	0.171454828152000	-16.474612464216872
0.189544708503000	0.200000000000000	-10.700587274884086
0.189544708503000	0.243294069886000	-5.405528168877908
0.200000000000000	0.243294069886000	-4.753837241977926
0.272429037014000	0.200000000000000	-15.473807843563920
0.272429037014000	0.348649465455000	-3.388584451238113
0.200000000000000	0.348649465455000	-13.176116348752609
0.136975308576000	0.200000000000000	-12.898524228988229
0.136975308576000	0.306565078931000	-11.688494434824966
0.200000000000000	0.306565078931000	-9.128770856666609
0.371096344330000	0.200000000000000	-96.017707609117721
0.371096344330000	0.179241035252000	-119.807027438424598
0.200000000000000	0.179241035252000	-10.696302255855572
0.218615583054000	0.200000000000000	-9.529642721699641
0.218615583054000	0.317609528151000	-8.301314837137921
0.200000000000000	0.317609528151000	-10.148736402332750
0.326569251319000	0.200000000000000	-52.144424597936272
0.326569251319000	0.238012828739000	-42.219144995579214
0.200000000000000	0.238012828739000	-6.247331792259421
0.363985729574000	0.200000000000000	-94.547513388870200
0.363985729574000	0.230828697640000	-68.863759900976873
0.200000000000000	0.230828697640000	-7.590137841074104
0.374232846559000	0.200000000000000	-110.502674980586050
0.374232846559000	0.290048825429000	-61.107380753909311
0.200000000000000	0.290048825429000	-5.706505438324922
0.166077084529000	0.200000000000000	-17.464130911962624
0.166077084529000	0.243767427293000	-12.200888265219699
0.200000000000000	0.243767427293000	-5.331478329287936
0.360817611272000	0.200000000000000	-90.227549566966786
0.360817611272000	0.197957744428000	-92.907868415109732
0.200000000000000	0.197957744428000	-8.311339640676747
0.376414757264000	0.200000000000000	-112.473788111050695
0.376414757264000	0.177324887034000	-133.366152746911439
0.200000000000000	0.177324887034000	-13.845939754873598
0.204671289103000	0.200000000000000	-10.700945915217504
0.204671289103000	0.168857993197000	-12.749927963087357
0.200000000000000	0.168857993197000	-17.610956894654599
0.197191405863000	0.200000000000000	-13.801452479501608
0.197191405863000	0.210200112310000	-8.863672140753156
0.200000000000000	0.210200112310000	-6.419169767912650
0.223775436155000	0.200000000000000	-12.094076373162036
0.223775436155000	0.322954560378000	-6.321587602935379
0.200000000000000	0.322954560378000	-10.507038743841276
0.256522441506000	0.200000000000000	-12.295906465659240
0.256522441506000	0.287286377444000	-5.648280857419910
0.200000000000000	0.287286377444000	-7.469630698917718
0.377939363869000	0.200000000000000	-109.517180791159660
0.377939363869000	0.314712539349000	-54.932534955985851
0.200000000000000	0.314712539349000	-8.221735219806073
0.357746528178000	0.200000000000000	-83.175088549323220
0.357746528178000	0.180992394607000	-99.529427201008787
0.200000000000000	0.180992394607000	-14.607279964050324
0.197387453898000	0.200000000000000	-10.724015069193651
0.197387453898000	0.324368187206000	-18.987544202782598
0.200000000000000	0.324368187206000	-9.347914425260276
0.122316230315000	0.200000000000000	-25.326505750733801
0.122316230315000	0.270288088166000	-21.621939120637879
0.200000000000000	0.270288088166000	-5.236798276983198
0.149578995386000	0.200000000000000	-10.563733865533976
0.149578995386000	0.168592829789000	-9.299137121026778
0.200000000000000	0.168592829789000	-20.872589254217228
0.362430665168000	0.200000000000000	-93.478763953639486
0.362430665168000	0.289733992141000	-53.602625197428758
0.200000000000000	0.289733992141000	-7.071486280696671
0.244346202920000	0.200000000000000	-11.483673795695145
0.244346202920000	0.273067032103000	-6.180422601806572
0.200000000000000	0.273067032103000	-6.371513138350839
0.323029664035000	0.200000000000000	-56.815753089750501
0.323029664035000	0.343158573472000	-12.343640289599794
0.200000000000000	0.343158573472000	-7.588400651640610
0.204975754140000	0.200000000000000	-10.709410567108852
0.204975754140000	0.190427849737000	-5.295786870488610
0.200000000000000	0.190427849737000	-10.061959282851195
0.135490930758000	0.200000000000000	-10.016628915593383
0.135490930758000	0.164454215971000	-8.125763817147655
0.200000000000000	0.164454215971000	-18.319784459885600
0.264390794840000	0.200000000000000	-13.289491708273589
0.264390794840000	0.246445862769000	-9.199212207402777
0.200000000000000	0.246445862769000	-4.073595866169975
0.170738783771000	0.200000000000000	-16.782580663054375
0.170738783771000	0.161080519500000	-17.798895022645983
0.200000000000000	0.161080519500000	-17.483779093350726
0.167333782766000	0.200000000000000	-11.362285093585957
0.167333782766000	0.220636117283000	-17.750380045108809
0.200000000000000	0.220636117283000	-6.100005867629179
0.264778552701000	0.200000000000000	-12.756599714610452
0.264778552701000	0.340374758661000	-3.046477069027209
0.200000000000000	0.340374758661000	-10.707122993907502
0.102157590222000	0.200000000000000	-19.426570153862901
0.102157590222000	0.186792378290000	-25.815180327011362
0.200000000000000	0.186792378290000	-11.729570768787285
0.210935767823000	0.200000000000000	-10.417929768367079
0.210935767823000	0.248855131471000	-7.278796841242991
0.200000000000000	0.248855131471000	-6.124398419672297
0.344015269508000	0.200000000000000	-61.837270688985001
0.344015269508000	0.290295238811000	-36.974403258389060
0.200000000000000	0.290295238811000	-6.729418178444883
0.202664613917000	0.200000000000000	-5.186695178944539
0.202664613917000	0.272160317028000	-7.280883354647934
0.200000000000000	0.272160317028000	-7.502319659098531
0.321047543370000	0.200000000000000	-50.306530920293611
0.321047543370000	0.206361952381000	-46.036794455066875
0.200000000000000	0.206361952381000	-7.629843893536645
0.178064271794000	0.200000000000000	-16.177807770659157
0.178064271794000	0.178945336895000	-14.640684857235026
0.200000000000000	0.178945336895000	-12.901274746309117
0.132790584112000	0.200000000000000	-9.566395319262007
0.132790584112000	0.184115513267000	-10.441961516560783
0.200000000000000	0.184115513267000	-10.451569715443615
0.348216179666000	0.200000000000000	-70.026613027249141
0.348216179666000	0.220484795809000	-63.242978041248293
0.200000000000000	0.220484795809000	-4.923107700572887
0.260380348774000	0.200000000000000	-15.350113611639040
0.260380348774000	0.269320041105000	-8.364278048955230
0.200000000000000	0.269320041105000	-7.560877421254719
0.330144887138000	0.200000000000000	-54.409106105628652
0.330144887138000	0.343679864278000	-18.983062918958574
0.200000000000000	0.343679864278000	-8.311925667542257
0.175524913047000	0.200000000000000	-16.993620219112589
0.175524913047000	0.338867169250000	-10.743786370249245
0.200000000000000	0.338867169250000	-9.810669994524302
0.140436527163000	0.200000000000000	-12.530444612002386
0.140436527163000	0.328723674505000	-11.412945277975354
0.200000000000000	0.328723674505000	-10.643363045780958
0.350536037606000	0.200000000000000	-74.294416191969987
0.350536037606000	0.338399961052000	-26.372810657893151
0.200000000000000	0.338399961052000	-12.323696700005579
0.140285032110000	0.200000000000000	-9.791360205520631
0.140285032110000	0.312992997711000	-12.266336103177100
0.200000000000000	0.312992997711000	-7.094306121520686
0.219642332235000	0.200000000000000	-9.807964692072529
0.219642332235000	0.222672742599000	-9.646297865454933
0.200000000000000	0.222672742599000	-6.970227359999456
0.123714982754000	0.200000000000000	-25.503609845124643
0.123714982754000	0.235856647908000	-20.329198299869141
0.200000000000000	0.235856647908000	-6.102527467695706
0.359663355570000	0.200000000000000	-86.027149505452073
0.359663355570000	0.239760693310000	-65.120713070558040
0.200000000000000	0.239760693310000	-6.261153682423717
0.373344257955000	0.200000000000000	-103.069761319713749
0.373344257955000	0.322180585645000	-47.888568011926765
0.200000000000000	0.322180585645000	-7.680503541093541
0.329805167293000	0.200000000000000	-61.451582199556391
0.329805167293000	0.340756887249000	-15.916887598324028
0.200000000000000	0.340756887249000	-12.126591402728154
0.223424981618000	0.200000000000000	-11.761014091156808
0.223424981618000	0.325897153168000	-9.175592876127695
0.200000000000000	0.325897153168000	-10.175093748246546
0.353076010932000	0.200000000000000	-89.840430962410480
0.353076010932000	0.174715908170000	-108.303911013510827
0.200000000000000	0.174715908170000	-17.144294927531586
0.104633076167000	0.200000000000000	-16.118408433433981
0.104633076167000	0.326914862252000	-17.114565852719263
0.200000000000000	0.326914862252000	-10.332014521764723
0.180865580326000	0.200000000000000	-20.914958484984432
0.180865580326000	0.216421038491000	-19.308182079619378
0.200000000000000	0.216421038491000	-8.580251361363180
0.251445689278000	0.200000000000000	-22.440458442379100
0.251445689278000	0.210970570840000	-16.834382279215006
0.200000000000000	0.210970570840000	-7.422487829347157
0.348234657814000	0.200000000000000	-69.041292922563073
0.348234657814000	0.249364352293000	-48.499778262437395
0.200000000000000	0.249364352293000	-5.117753066053701
0.272202237258000	0.200000000000000	-13.431450631790788
0.272202237258000	0.325952236260000	-7.651471025360043
0.200000000000000	0.325952236260000	-9.204295215770713
0.151502435903000	0.200000000000000	-9.895334371994462
0.151502435903000	0.260435371186000	-12.064022648353030
0.200000000000000	0.260435371186000	-5.558267662286587
0.221373661093000	0.200000000000000	-12.488216342549030
0.221373661093000	0.234076833269000	-7.018089150915581
0.200000000000000	0.234076833269000	-12.108573856739355
0.110973722078000	0.200000000000000	-18.918843352197896
0.110973722078000	0.347064299756000	-26.870969942403903
0.200000000000000	0.347064299756000	-8.142151339525205
0.185100619869000	0.200000000000000	-14.217865835604140
0.185100619869000	0.204794328837000	-20.655382875850677
0.200000000000000	0.204794328837000	-8.347301895532938
0.361380902027000	0.200000000000000	-90.148119904210887
0.361380902027000	0.163683397684000	-124.652404293090513
0.200000000000000	0.163683397684000	-12.172922562717844
0.109082941396000	0.200000000000000	-16.560847019916480
0.109082941396000	0.307053672756000	-18.691776113607723
0.200000000000000	0.307053672756000	-7.265174812060297
0.146785277931000	0.200000000000000	-10.014267550537289
0.146785277931000	0.248589939210000	-12.024331576887135
0.200000000000000	0.248589939210000	-3.999599899938715
0.136224964127000	0.200000000000000	-11.955559704065715
0.136224964127000	0.211831051616000	-9.653970261189775
0.200000000000000	0.211831051616000	-7.887708227230751
0.280292981842000	0.200000000000000	-16.554642638470341
0.280292981842000	0.174436529042000	-20.472919183636364
0.200000000000000	0.174436529042000	-16.295716997033558
0.166541247855000	0.200000000000000	-12.637270062705076
0.166541247855000	0.208130786619000	-8.758783519513411
0.200000000000000	0.208130786619000	-6.802373576971175
0.135497836935000	0.200000000000000	-11.492842452372791
0.135497836935000	0.225444538423000	-11.130940656056950
0.200000000000000	0.225444538423000	-4.465544850625117
0.203119187697000	0.200000000000000	-8.580827244933392
0.203119187697000	0.318598279787000	-7.876809611428078
0.200000000000000	0.318598279787000	-8.952643723899044
0.370224596017000	0.200000000000000	-100.188357827122374
0.370224596017000	0.275935146030000	-56.922719614897986
0.200000000000000	0.275935146030000	-7.827271052107236
0.218835084345000	0.200000000000000	-9.727893178543424
0.218835084345000	0.331616387895000	-6.162655633091134
0.200000000000000	0.331616387895000	-13.367228147149497
0.266482675425000	0.200000000000000	-14.257345865934999
0.266482675425000	0.345842561061000	-6.203288765154521
0.200000000000000	0.345842561061000	-13.918801605459132
0.348459446430000	0.200000000000000	-70.883425208515575
0.348459446430000	0.252511229136000	-47.011041973393318
0.200000000000000	0.252511229136000	-4.098317954213909
0.346185679588000	0.200000000000000	-74.573231219319581
0.346185679588000	0.188878349525000	-78.820904883051810
0.200000000000000	0.188878349525000	-9.791128692541440
0.159016536112000	0.200000000000000	-8.371252040752978
0.159016536112000	0.160459621746000	-7.654143808371195
0.200000000000000	0.160459621746000	-15.889196300209438
0.254142552850000	0.200000000000000	-11.087917323302094
0.254142552850000	0.261103941909000	-6.015467411028125
0.200000000000000	0.261103941909000	-3.952715071871335
0.301578122353000	0.200000000000000	-24.017244970006789
0.301578122353000	0.176186106738000	-39.480950570653171
0.200000000000000	0.176186106738000	-12.822484797172775
0.398623288814000	0.200000000000000	-144.649875975011298
0.398623288814000	0.175222112311000	-168.069867912386997
0.200000000000000	0.175222112311000	-15.055373492475116
0.161862317079000	0.200000000000000	-9.989031390798921
0.161862317079000	0.274157121349000	-20.654015321309402
0.200000000000000	0.274157121349000	-6.587536313038994
0.334920861867000	0.200000000000000	-59.203211070417900
0.334920861867000	0.285341074288000	-34.720691623017260
0.200000000000000	0.285341074288000	-6.141541547061790
0.252487874528000	0.200000000000000	-16.708898974716462
0.252487874528000	0.248015964118000	-7.629810169252358
0.200000000000000	0.248015964118000	-3.474912527958943
0.343169587163000	0.200000000000000	-65.627150499127893
0.343169587163000	0.167932458633000	-93.969306794941147
0.200000000000000	0.167932458633000	-13.786671587779431
0.166870824631000	0.200000000000000	-20.092625839997201
0.166870824631000	0.254792443701000	-14.966671883493575
0.200000000000000	0.254792443701000	-4.414161672045738
0.244829941408000	0.200000000000000	-21.441576067932274
0.244829941408000	0.155944844934000	-23.838315019051453
0.200000000000000	0.155944844934000	-14.809989654358994
0.316530831727000	0.200000000000000	-43.695966435011130
0.316530831727000	0.207801499706000	-42.753587966395237
0.200000000000000	0.207801499706000	-8.388119393088189
0.126528643507000	0.200000000000000	-19.478572028600340
0.126528643507000	0.229585166659000	-16.637374012181120
0.200000000000000	0.229585166659000	-6.211865680061275
0.169922405121000	0.200000000000000	-19.125338722966273
0.169922405121000	0.215163070399000	-10.661300900532682
0.200000000000000	0.215163070399000	-9.270052497919584
0.263397577223000	0.200000000000000	-16.507589429913487
0.263397577223000	0.345854176187000	-4.736770087326883
0.200000000000000	0.345854176187000	-10.362749589973639
0.381589839976000	0.200000000000000	-113.609750869735848
0.381589839976000	0.191577090996000	-128.034484118674328
0.200000000000000	0.191577090996000	-14.694160299428384
0.258546914187000	0.200000000000000	-12.589986389534182
0.258546914187000	0.253945050243000	-8.199364852014005
0.200000000000000	0.253945050243000	-4.263286010978884
0.239064669593000	0.200000000000000	-13.594902676821189
0.239064669593000	0.212738176643000	-12.650300599876196
0.200000000000000	0.212738176643000	-8.799018773123583
0.364322177560000	0.200000000000000	-100.755968832007099
0.364322177560000	0.302318332850000	-45.592833842952302
0.200000000000000	0.302318332850000	-7.353826747580166
0.314716724186000	0.200000000000000	-41.933426763436074
0.314716724186000	0.249993605257000	-20.882719071667641
0.200000000000000	0.249993605257000	-4.592239935752231
0.246540601907000	0.200000000000000	-12.694241637638804
0.246540601907000	0.153753442931000	-26.997175369024990
0.200000000000000	0.153753442931000	-18.823568784651346
0.264995721445000	0.200000000000000	-13.972468942623554
0.264995721445000	0.190599524584000	-20.924926644272894
0.200000000000000	0.190599524584000	-9.473131672854507
0.108493621418000	0.200000000000000	-18.010272329243470
0.108493621418000	0.178297350251000	-18.283225528761324
0.200000000000000	0.178297350251000	-10.481922886779639
0.289193041780000	0.200000000000000	-22.587352238466291
0.289193041780000	0.313002484813000	-12.994119612920160
0.200000000000000	0.313002484813000	-8.727575266929751
0.214897356009000	0.200000000000000	-10.801780588401087
0.214897356009000	0.172740188891000	-15.098886013353891
0.200000000000000	0.172740188891000	-14.218707164693935
0.264576559273000	0.200000000000000	-14.428294311561269
0.264576559273000	0.338086037232000	-4.923955319036733
0.200000000000000	0.338086037232000	-7.589026381146294
0.378621613053000	0.200000000000000	-113.561303016310418
0.378621613053000	0.247390148805000	-73.531169575579739
0.200000000000000	0.247390148805000	-5.696774072154003
0.119394774506000	0.200000000000000	-21.792732982004292
0.119394774506000	0.334943655109000	-25.503879135653030
0.200000000000000	0.334943655109000	-7.994084560341991
0.253157892836000	0.200000000000000	-14.136717557791172
0.253157892836000	0.181498278041000	-15.378305984041852
0.200000000000000	0.181498278041000	-13.959215303726472
0.245559941721000	0.200000000000000	-14.497855463477370
0.245559941721000	0.345506643607000	-3.146173724221399
0.200000000000000	0.345506643607000	-18.187698068982893
0.276721186878000	0.200000000000000	-17.438843618723720
0.276721186878000	0.210788618941000	-14.384924411098149
0.200000000000000	0.210788618941000	-5.539049966865329
0.130259319004000	0.200000000000000	-14.176388618812924
0.130259319004000	0.215274806441000	-15.139150743652463
0.200000000000000	0.215274806441000	-11.115341877356631
0.117356900110000	0.200000000000000	-25.023739757787386
0.117356900110000	0.166300988744000	-22.812044602852328
0.200000000000000	0.166300988744000	-18.630968328444119
0.327764641080000	0.200000000000000	-50.069597109214079
0.327764641080000	0.310858296777000	-20.316341017813603
0.200000000000000	0.310858296777000	-11.207165340541561
0.216495384717000	0.200000000000000	-11.069743793968769
0.216495384717000	0.323768116276000	-14.195583616722761
0.200000000000000	0.323768116276000	-9.540364413599185
0.120880589394000	0.200000000000000	-25.001293565222301
0.120880589394000	0.286726618589000	-17.817166664502206
