-9999999.900000000372529 
-9999999.900000000372529 
-9999999.900000000372529 
-9999999.900000000372529 
-9999999.900000000372529 
-9999999.900000000372529 
-9999999.900000000372529 
-9999999.900000000372529 
-9999999.900000000372529 
-9999999.900000000372529 
-686.842136911111538 
-516.668705754025382 
-405.124468733103186 
-338.774540945158606 
-283.959590228378545 
-191.606249547783534 
-149.672419351204212 
-125.943358021610337 
-77.069522341965296 
-79.574773076364963 
-63.008438571264776 
-44.023255924297970 
-31.040994333818901 
-26.575126745242752 
-11.016380131476470 
-5.460601528843181 
-4.763822043303255 
-3.590455053318401 
-1.955687572667978 
-0.000000001000000 
-0.098721209644854 
-2.119441063175246 
-1.504062501858966 
-4.288659233520269 
-5.855386437691465 
-8.719683692154700 
-8.197466399944819 
-13.376328221478673 
-9.764246446830672 
-15.403444971792183 
-21.186843441330545 
-21.611532091053636 
-23.869443981986294 
-21.791282104727742 
-22.165537226621030 
-24.532528928314424 
-37.690924727722809 
-32.922049073911815 
-41.979605642193619 
-46.031563253867240 
-47.465603374393915 
-44.678113154741261 
-51.411429064612776 
-51.163171999473278 
-59.317645777804145 
-63.017330245027779 
-60.922837783408809 
-67.778389653381055 
-57.410816732162779 
-67.974710922484590 
-75.269850434880397 
-70.643041342743516 
-86.695905438754338 
-84.091659623988576 
-100.524575710519130 
-99.049636073823550 
-98.764092344258671 
-98.034049980349536 
-100.182200258006276 
-113.663158933755440 
-116.033517520570626 
-114.007012976506729 
-107.457292223890761 
-113.669489619581071 
-119.454269464342445 
-114.091125936552203 
-123.925222870077491 
-123.812554665050669 
-132.606788695620736 
-133.278586944939804 
-125.011506269867937 
-136.712930053428238 
-136.005170293140964 
-145.943144857878593 
-129.730159469778840 
-160.607332313784582 
-141.033741191874412 
-138.927347155959751 
-166.071613095947811 
-141.872234794348344 
-173.232742880471932 
-160.492729149419574 
-170.469960957775214 
-172.916959906734235 
-163.122369459696358 
-170.746858292121033 
-173.205553171453431 
-167.988066154034641 
-175.105432956990143 
-159.117931961361421 
-178.609085788450130 
-179.595813412067969 
-163.392904869237668 
-163.421815391735947 
-181.632982265311853 
-185.851110331952810 
-178.900341354060828 
-174.161478791267541 
-186.359694888352777 
-179.375081813177445 
-209.886154711794660 
-186.896407449106164 
-176.672625785378301 
-210.596029637543523 
-212.252867067749207 
-208.451926323434890 
-193.009764784171097 
-219.782921174463098 
-200.824311026471236 
-200.821577244896616 
-222.331886529991351 
-233.977429064726408 
-221.929877358242493 
-223.231183166594576 
-235.324931626522215 
-219.398273308243944 
-231.482796199925218 
-245.113945004871823 
-246.559918194342771 
-208.311855527688664 
-240.940060844748700 
-207.903334305820124 
-228.317152594018324 
-221.342809435563510 
-221.338158151006610 
-229.743935192435771 
-238.545206579711504 
-232.917706991191721 
-241.812176750013265 
-234.395009898693047 
-232.603967971084955 
-239.439941667285041 
-226.986757301325667 
-242.995973712666398 
-235.593284595149896 
-251.743165433203529 
-262.420029656744589 
-249.727106601681555 
-264.062638212079719 
-251.286342686883387 
-271.425412535762177 
-262.052729301524096 
-271.266719863615435 
-260.231583348751940 
-254.555922921335849 
-258.215578028416473 
-265.571405416265975 
-272.862083141662708 
-267.321642180278502 
-248.904897893558569 
-261.627364932360706 
-248.749923278874633 
-256.093403472288514 
-285.796479891366687 
-255.958502624350729 
-263.348193161207519 
-293.327836229716979 
-281.983865106670578 
-257.658848698038412 
-295.227886672750401 
-299.027236981522947 
-287.608590362374173 
-308.652091608805108 
-306.723576166501459 
-270.570837875515110 
-318.286534576982604 
-328.089159543414439 
-306.800110227794164 
-295.269443363965479 
-291.451873882086886 
-291.488485496535418 
-293.388912536324654 
-295.315486442364318 
-274.332435048183811 
-308.915839407672706 
-314.729279881788216 
-297.323620866201622 
-320.720142729978932 
-312.922878965312350 
-336.408784630887396 
