-9999999.900000000372529 
-9999999.900000000372529 
-9999999.900000000372529 
-9999999.900000000372529 
-9999999.900000000372529 
-415.884547768504603 
-9999999.900000000372529 
-9999999.900000000372529 
-9999999.900000000372529 
-9999999.900000000372529 
-9999999.900000000372529 
-9999999.900000000372529 
-9999999.900000000372529 
-9999999.900000000372529 
-9999999.900000000372529 
-9999999.900000000372529 
-9999999.900000000372529 
-2.662721176313454 
-0.288430505278191 
-55.645703607038740 
-262.578058355442977 
-84.229722298851641 
-9999999.900000000372529 
-9999999.900000000372529 
-9999999.900000000372529 
-9999999.900000000372529 
-9999999.900000000372529 
-9999999.900000000372529 
-9999999.900000000372529 
-9999999.900000000372529 
-9999999.900000000372529 
-9999999.900000000372529 
-9999999.900000000372529 
-9999999.900000000372529 
-272.434725720094775 
-133.483781408949227 
-103.104850395278802 
-125.640954181998538 
