-578.419396707581996 
-9999999.900000000372529 
-9999999.900000000372529 
-9999999.900000000372529 
-9999999.900000000372529 
-9999999.900000000372529 
-427.153715541438544 
-0.128637130261201 
-9999999.900000000372529 
-9999999.900000000372529 
-9999999.900000000372529 
-9999999.900000000372529 
-9999999.900000000372529 
-9999999.900000000372529 
-283.228277932398669 
-0.000000001000000 
-147.184462250144918 
-413.485802967799430 
-586.200198466584311 
-293.937147629620824 
-101.553777598745640 
-27.048048149110969 
-64.939224696762921 
