-164.709431158635255 
-88.601440955556427 
-45.942662877533763 
-20.082323585384373 
-5.988227021142690 
-0.000000001000000 
-2.370683132648891 
-8.762278472932174 
-22.171697845765653 
-23.217525648530586 
-41.206366324632526 
-66.361053043991916 
-98.676855002054083 
-135.457793512191785 
-130.249991178524141 
-173.809050164975815 
-201.902979740368806 
-243.966615704881889 
-288.454733409819880 
-354.978250342472904 
-353.550586019215928 
-9999999.900000000372529 
-9999999.900000000372529 
-9999999.900000000372529 
-9999999.900000000372529 
-9999999.900000000372529 
-9999999.900000000372529 
-9999999.900000000372529 
-9999999.900000000372529 
-9999999.900000000372529 
-9999999.900000000372529 
-9999999.900000000372529 
-9999999.900000000372529 
