-331.883894272442774 
-179.240769387489138 
-83.450569670581160 
-50.620378336103350 
-30.093360539527851 
-12.896331464091856 
-2.232346912812981 
-0.288430505278191 
-0.822469509392381 
-6.896229205797204 
-16.439857015344657 
-33.563720600337817 
-32.982865146169097 
-51.809727016492353 
-53.307388363408670 
-66.489539109165335 
-73.035147648622498 
-75.579949930066959 
-96.902841125074886 
-115.165402511684704 
-125.215166828778948 
-144.048432920755289 
-171.623528265302525 
-175.051931755891388 
-177.364193841430961 
-198.397279736468221 
-210.454515837393103 
-215.331020479891265 
-238.977586645053378 
-233.919235586911753 
-226.432033622788509 
-246.563664891225557 
-255.570119598634477 
-263.360689779370944 
-288.526293361897501 
