-9999999.900000000372529 
-9999999.900000000372529 
-9999999.900000000372529 
-9999999.900000000372529 
-9999999.900000000372529 
-644.417510285026538 
-545.504103460479314 
-440.565745818013738 
-370.849751116595201 
-263.378070285437673 
-244.024859135515612 
-198.389852721369465 
-143.983178480949732 
-111.153556995662072 
-79.771416094428332 
-60.054984898703665 
-42.575702210004707 
-32.935980389787076 
-22.718379194705889 
-15.915377501688845 
-6.548394067274621 
-3.171979356494917 
-3.839275233257024 
-1.371363981578537 
-0.000000001000000 
-3.328437101198673 
-5.001788161032406 
-11.882352273164623 
-15.671083903341982 
-21.490820906074102 
-20.796641451193825 
-30.109290770919376 
-44.851230411682778 
-53.060621492253908 
-54.290073663547169 
-59.459706212559425 
-59.487551214203940 
