-287.539566555696581 
-188.520525505061187 
-99.580852981974758 
-58.126546012802280 
-27.579834357454043 
-15.679953105548458 
-7.452049372816350 
-0.000000001000000 
-2.769151034602727 
-2.212234646819659 
-10.607660994214509 
-14.631016424925283 
-22.776431108932211 
-41.925098682295044 
-43.962612115338302 
-48.887331247824697 
-64.006150704992592 
-65.635206543039288 
-68.846400698507026 
-94.077978388318940 
-103.450527207462045 
-120.130368294061967 
-137.605551866423241 
-170.437292404363319 
-175.000950558581479 
-198.382428301546440 
-199.582617052503025 
-201.963505550057164 
-204.359540409073219 
-233.908293480532393 
-228.879885286999894 
-236.430113888852816 
-259.463526028057004 
-284.495977882759519 
-283.168933323591943 
