-643.148183906304212 
-9999999.900000000372529 
-9999999.900000000372529 
-9999999.900000000372529 
-9999999.900000000372529 
-9999999.900000000372529 
-488.558089513671121 
-0.545151860703740 
-9999999.900000000372529 
-9999999.900000000372529 
-9999999.900000000372529 
-9999999.900000000372529 
-9999999.900000000372529 
-9999999.900000000372529 
-303.458379962800734 
-0.288430505278191 
-190.070759316307402 
-451.269466967772473 
-656.211244366477331 
-409.000811901643431 
-164.793947693132282 
-46.043855411261674 
-66.507395724045509 
