-9999999.900000000372529 
-9999999.900000000372529 
-9999999.900000000372529 
-9999999.900000000372529 
-9999999.900000000372529 
-646.105756792448460 
-555.202930184835054 
-461.972053902412711 
-381.004130237968354 
-318.498551096625022 
-263.386612398555599 
-201.982008356015456 
-159.250706381989005 
-115.103959160299496 
-72.191043093413413 
-66.411911698223790 
-48.873504151288337 
-48.886753964939132 
-39.277705151050974 
-29.359557426716357 
-19.707533710122270 
-7.182829288050407 
-1.578593506503069 
-0.913449191659699 
-0.288430505278191 
-0.358191886903357 
-1.687612171090136 
-3.099094219103289 
-10.452721410182095 
-15.107558408401948 
-16.909160075759221 
-26.017060501224602 
-25.994223629035897 
-42.735370328036453 
-48.300187190070567 
-42.691942596788458 
-43.777955249345858 
