-143.516641889019013 
-62.211946223839774 
-39.564177752795644 
-19.464008422597853 
-3.888069507872413 
-0.288430505278191 
-6.847899487659173 
-10.598446938229436 
-29.917528857387616 
-41.898336520023960 
-68.000952793986968 
-98.704416875462485 
-112.121232707364385 
-134.430933149865353 
-162.541103475085151 
-223.879711085495757 
-272.517682913151759 
-306.082052049737968 
-325.379632913964770 
-398.556820605856103 
-429.904050285822450 
-9999999.900000000372529 
-9999999.900000000372529 
-9999999.900000000372529 
-9999999.900000000372529 
-9999999.900000000372529 
-9999999.900000000372529 
-9999999.900000000372529 
-9999999.900000000372529 
-9999999.900000000372529 
-9999999.900000000372529 
-9999999.900000000372529 
-9999999.900000000372529 
